0.000000000000000000e+00 0.000000000000000000e+00 0.000000000000000000e+00 0.000000000000000000e+00 0.000000000000000000e+00 0.000000000000000000e+00 0.000000000000000000e+00 0.000000000000000000e+00 0.000000000000000000e+00 0.000000000000000000e+00 0.000000000000000000e+00 0.000000000000000000e+00 0.000000000000000000e+00 0.000000000000000000e+00
0.000000000000000000e+00 2.920000000000000000e+02 2.420000000000000000e+02 2.830000000000000000e+02 2.600000000000000000e+02 2.130000000000000000e+02 2.170000000000000000e+02 2.390000000000000000e+02 2.660000000000000000e+02 2.510000000000000000e+02 3.250000000000000000e+02 2.090000000000000000e+02 3.310000000000000000e+02 1.900000000000000000e+02
0.000000000000000000e+00 2.180000000000000000e+02 2.400000000000000000e+02 2.310000000000000000e+02 2.500000000000000000e+02 2.370000000000000000e+02 2.940000000000000000e+02 4.240000000000000000e+02 2.440000000000000000e+02 5.420000000000000000e+02 2.630000000000000000e+02 3.330000000000000000e+02 2.220000000000000000e+02 2.200000000000000000e+02
0.000000000000000000e+00 2.450000000000000000e+02 2.660000000000000000e+02 4.070000000000000000e+02 2.910000000000000000e+02 4.390000000000000000e+02 2.350000000000000000e+02 3.240000000000000000e+02 4.700000000000000000e+02 2.940000000000000000e+02 4.440000000000000000e+02 2.460000000000000000e+02 2.680000000000000000e+02 2.470000000000000000e+02
0.000000000000000000e+00 2.760000000000000000e+02 3.060000000000000000e+02 2.350000000000000000e+02 2.040000000000000000e+02 2.670000000000000000e+02 2.910000000000000000e+02 2.790000000000000000e+02 2.810000000000000000e+02 2.730000000000000000e+02 2.150000000000000000e+02 2.590000000000000000e+02 3.100000000000000000e+02 2.800000000000000000e+02
0.000000000000000000e+00 2.990000000000000000e+02 4.230000000000000000e+02 3.950000000000000000e+02 3.100000000000000000e+02 2.710000000000000000e+02 2.890000000000000000e+02 3.200000000000000000e+02 3.210000000000000000e+02 2.780000000000000000e+02 2.880000000000000000e+02 3.480000000000000000e+02 2.650000000000000000e+02 3.160000000000000000e+02
0.000000000000000000e+00 2.930000000000000000e+02 2.870000000000000000e+02 3.250000000000000000e+02 2.800000000000000000e+02 2.860000000000000000e+02 2.260000000000000000e+02 3.520000000000000000e+02 3.350000000000000000e+02 3.160000000000000000e+02 3.130000000000000000e+02 3.150000000000000000e+02 4.420000000000000000e+02 3.250000000000000000e+02
0.000000000000000000e+00 3.700000000000000000e+02 3.310000000000000000e+02 3.330000000000000000e+02 3.430000000000000000e+02 3.390000000000000000e+02 3.300000000000000000e+02 2.790000000000000000e+02 3.190000000000000000e+02 4.710000000000000000e+02 3.590000000000000000e+02 3.380000000000000000e+02 4.230000000000000000e+02 3.270000000000000000e+02
0.000000000000000000e+00 3.090000000000000000e+02 3.700000000000000000e+02 3.580000000000000000e+02 3.500000000000000000e+02 3.230000000000000000e+02 3.040000000000000000e+02 3.440000000000000000e+02 3.010000000000000000e+02 5.880000000000000000e+02 3.520000000000000000e+02 3.630000000000000000e+02 3.900000000000000000e+02 3.920000000000000000e+02
0.000000000000000000e+00 3.860000000000000000e+02 3.370000000000000000e+02 3.890000000000000000e+02 3.900000000000000000e+02 3.660000000000000000e+02 3.420000000000000000e+02 4.190000000000000000e+02 3.370000000000000000e+02 4.610000000000000000e+02 3.610000000000000000e+02 3.740000000000000000e+02 3.760000000000000000e+02 3.750000000000000000e+02
0.000000000000000000e+00 3.830000000000000000e+02 5.180000000000000000e+02 3.950000000000000000e+02 3.620000000000000000e+02 4.960000000000000000e+02 3.980000000000000000e+02 4.890000000000000000e+02 4.620000000000000000e+02 3.870000000000000000e+02 4.390000000000000000e+02 4.260000000000000000e+02 4.680000000000000000e+02 3.660000000000000000e+02
0.000000000000000000e+00 5.290000000000000000e+02 4.330000000000000000e+02 3.930000000000000000e+02 4.040000000000000000e+02 4.300000000000000000e+02 4.580000000000000000e+02 4.390000000000000000e+02 4.810000000000000000e+02 4.140000000000000000e+02 4.500000000000000000e+02 3.680000000000000000e+02 7.220000000000000000e+02 4.420000000000000000e+02
0.000000000000000000e+00 5.730000000000000000e+02 4.400000000000000000e+02 4.780000000000000000e+02 4.690000000000000000e+02 4.880000000000000000e+02 6.570000000000000000e+02 4.620000000000000000e+02 4.330000000000000000e+02 4.170000000000000000e+02 4.290000000000000000e+02 4.180000000000000000e+02 3.990000000000000000e+02 4.220000000000000000e+02
0.000000000000000000e+00 5.240000000000000000e+02 5.710000000000000000e+02 5.510000000000000000e+02 5.070000000000000000e+02 5.150000000000000000e+02 4.810000000000000000e+02 4.670000000000000000e+02 4.900000000000000000e+02 5.400000000000000000e+02 4.610000000000000000e+02 4.700000000000000000e+02 4.730000000000000000e+02 5.540000000000000000e+02
0.000000000000000000e+00 4.090000000000000000e+02 3.130000000000000000e+02 3.280000000000000000e+02 3.790000000000000000e+02 2.850000000000000000e+02 3.300000000000000000e+02 4.640000000000000000e+02 3.140000000000000000e+02 7.970000000000000000e+02 3.650000000000000000e+02 2.890000000000000000e+02 2.990000000000000000e+02 3.120000000000000000e+02
0.000000000000000000e+00 7.040000000000000000e+02 2.150000000000000000e+03 3.720000000000000000e+02 3.300000000000000000e+02 2.920000000000000000e+02 3.030000000000000000e+02 3.100000000000000000e+02 3.140000000000000000e+02 1.448000000000000000e+03 6.630000000000000000e+02 3.950000000000000000e+02 2.940000000000000000e+02 2.695000000000000000e+03
0.000000000000000000e+00 5.025000000000000000e+03 4.592000000000000000e+03 4.284000000000000000e+03 4.204000000000000000e+03 2.665000000000000000e+03 3.047000000000000000e+03 3.487000000000000000e+03 3.303000000000000000e+03 3.120000000000000000e+03 3.022000000000000000e+03 2.943000000000000000e+03 2.768000000000000000e+03 2.598000000000000000e+03
0.000000000000000000e+00 4.747000000000000000e+03 4.457000000000000000e+03 4.239000000000000000e+03 3.915000000000000000e+03 3.840000000000000000e+03 3.361000000000000000e+03 3.384000000000000000e+03 3.194000000000000000e+03 3.050000000000000000e+03 2.926000000000000000e+03 2.776000000000000000e+03 2.563000000000000000e+03 2.439000000000000000e+03
0.000000000000000000e+00 4.440000000000000000e+03 3.992000000000000000e+03 3.941000000000000000e+03 3.677000000000000000e+03 3.526000000000000000e+03 3.346000000000000000e+03 3.090000000000000000e+03 2.985000000000000000e+03 2.785000000000000000e+03 2.668000000000000000e+03 2.628000000000000000e+03 2.476000000000000000e+03 2.382000000000000000e+03
0.000000000000000000e+00 4.098000000000000000e+03 3.795000000000000000e+03 3.786000000000000000e+03 3.406000000000000000e+03 3.329000000000000000e+03 3.059000000000000000e+03 3.018000000000000000e+03 2.863000000000000000e+03 2.714000000000000000e+03 2.565000000000000000e+03 2.498000000000000000e+03 2.405000000000000000e+03 2.155000000000000000e+03
0.000000000000000000e+00 3.666000000000000000e+03 3.561000000000000000e+03 3.324000000000000000e+03 3.225000000000000000e+03 3.048000000000000000e+03 2.775000000000000000e+03 2.501000000000000000e+03 2.577000000000000000e+03 2.192000000000000000e+03 2.363000000000000000e+03 2.242000000000000000e+03 2.103000000000000000e+03 1.968000000000000000e+03
0.000000000000000000e+00 3.424000000000000000e+03 3.262000000000000000e+03 3.149000000000000000e+03 3.067000000000000000e+03 2.896000000000000000e+03 2.747000000000000000e+03 2.557000000000000000e+03 2.255000000000000000e+03 2.179000000000000000e+03 2.167000000000000000e+03 2.121000000000000000e+03 2.022000000000000000e+03 1.812000000000000000e+03
