0.000000000000000000e+00 0.000000000000000000e+00 0.000000000000000000e+00 0.000000000000000000e+00 0.000000000000000000e+00 0.000000000000000000e+00 0.000000000000000000e+00 0.000000000000000000e+00 0.000000000000000000e+00 0.000000000000000000e+00 0.000000000000000000e+00 0.000000000000000000e+00 0.000000000000000000e+00 0.000000000000000000e+00
0.000000000000000000e+00 1.375000000000000000e+01 1.450000000000000000e+01 1.237500000000000000e+01 1.375000000000000000e+01 1.533333333333333393e+01 1.122222222222222143e+01 1.100000000000000000e+01 1.450000000000000000e+01 1.287500000000000178e+01 1.200000000000000000e+01 1.500000000000000000e+01 1.219999999999999929e+01 1.162500000000000000e+01
0.000000000000000000e+00 1.145454545454545503e+01 1.366666666666666607e+01 9.400000000000000355e+00 1.119999999999999929e+01 1.119999999999999929e+01 1.212500000000000178e+01 1.450000000000000000e+01 0.000000000000000000e+00 1.233333333333333215e+01 1.325000000000000178e+01 1.383333333333333393e+01 1.033333333333333393e+01 1.022222222222222143e+01
0.000000000000000000e+00 9.090909090909089940e+00 1.266666666666666430e+01 1.300000000000000000e+01 9.250000000000000000e+00 1.100000000000000000e+01 9.500000000000001776e+00 1.166666666666666785e+01 1.066666666666666607e+01 9.000000000000000000e+00 1.042857142857142883e+01 9.000000000000000000e+00 9.375000000000000000e+00 1.216666666666666607e+01
0.000000000000000000e+00 1.176923076923076827e+01 1.071428571428571352e+01 1.033333333333333393e+01 1.366666666666666607e+01 1.009090909090908994e+01 1.016666666666666607e+01 1.044444444444444464e+01 8.800000000000000711e+00 8.250000000000000000e+00 9.599999999999999645e+00 8.428571428571428825e+00 1.200000000000000000e+01 1.083333333333333393e+01
0.000000000000000000e+00 9.000000000000000000e+00 7.222222222222222321e+00 8.444444444444444642e+00 1.012500000000000000e+01 9.833333333333332149e+00 8.400000000000000355e+00 8.750000000000000000e+00 9.166666666666667851e+00 1.050000000000000000e+01 7.333333333333333037e+00 9.071428571428571175e+00 9.000000000000000000e+00 8.076923076923076650e+00
0.000000000000000000e+00 8.714285714285715301e+00 5.750000000000000000e+00 8.375000000000000000e+00 9.857142857142857650e+00 8.285714285714286476e+00 6.454545454545454142e+00 6.600000000000000533e+00 7.444444444444444642e+00 4.666666666666666963e+00 9.714285714285713524e+00 7.000000000000000000e+00 7.000000000000000000e+00 7.416666666666666963e+00
0.000000000000000000e+00 6.111111111111110716e+00 5.692307692307691624e+00 1.100000000000000000e+01 5.750000000000000000e+00 5.500000000000000000e+00 4.625000000000000000e+00 7.400000000000000355e+00 7.454545454545454142e+00 7.214285714285714413e+00 8.799999999999997158e+00 6.285714285714285587e+00 8.625000000000000000e+00 6.428571428571428825e+00
0.000000000000000000e+00 3.777777777777777679e+00 6.363636363636363313e+00 7.692307692307691624e+00 7.714285714285714413e+00 4.857142857142857650e+00 5.111111111111110716e+00 9.000000000000000000e+00 5.000000000000000000e+00 4.416666666666666075e+00 3.636363636363636243e+00 6.250000000000000888e+00 6.500000000000000000e+00 6.000000000000000888e+00
0.000000000000000000e+00 4.599999999999999645e+00 1.012500000000000000e+01 7.266666666666665719e+00 6.250000000000000000e+00 6.545454545454546746e+00 1.400000000000000000e+01 5.727272727272726627e+00 5.599999999999999645e+00 5.000000000000000000e+00 7.624999999999999112e+00 6.299999999999998934e+00 7.599999999999999645e+00 5.562500000000000000e+00
0.000000000000000000e+00 1.250000000000000000e+01 1.111111111111111072e+01 7.333333333333332149e+00 7.375000000000000000e+00 6.250000000000000000e+00 1.400000000000000000e+01 6.454545454545454142e+00 8.399999999999998579e+00 4.833333333333333037e+00 7.111111111111111605e+00 8.333333333333333925e+00 6.799999999999999822e+00 4.599999999999999645e+00
0.000000000000000000e+00 6.000000000000000000e+00 1.540000000000000036e+01 1.300000000000000000e+01 1.012500000000000178e+01 4.833333333333333925e+00 7.727272727272727515e+00 1.300000000000000000e+01 1.300000000000000000e+01 9.000000000000000000e+00 3.571428571428571619e+00 8.307692307692308376e+00 1.250000000000000000e+01 4.666666666666666963e+00
0.000000000000000000e+00 8.000000000000000000e+00 7.818181818181818343e+00 1.050000000000000000e+01 9.250000000000000000e+00 1.027272727272727337e+01 4.666666666666666963e+00 1.200000000000000000e+01 9.250000000000000000e+00 1.080000000000000071e+01 4.500000000000000000e+00 7.538461538461538325e+00 1.533333333333333393e+01 5.000000000000000000e+00
0.000000000000000000e+00 1.550000000000000000e+01 1.071428571428571352e+01 7.181818181818182545e+00 1.760000000000000142e+01 9.000000000000000000e+00 8.900000000000000355e+00 2.100000000000000000e+01 2.100000000000000000e+01 9.333333333333333925e+00 4.750000000000000000e+00 1.225000000000000000e+01 1.459999999999999964e+01 8.500000000000000000e+00
0.000000000000000000e+00 8.571428571428571175e+00 7.714285714285714413e+00 9.799999999999998934e+00 9.000000000000000000e+00 1.050000000000000000e+01 2.100000000000000000e+01 2.100000000000000000e+01 1.000000000000000000e+01 9.199999999999999289e+00 9.333333333333332149e+00 1.250000000000000000e+01 1.150000000000000000e+01 1.119999999999999929e+01
0.000000000000000000e+00 2.100000000000000000e+01 4.599999999999999645e+00 1.000000000000000000e+01 1.466666666666666785e+01 2.100000000000000000e+01 1.400000000000000000e+01 2.100000000000000000e+01 2.100000000000000000e+01 1.300000000000000000e+01 1.200000000000000000e+01 2.100000000000000000e+01 1.100000000000000000e+01 2.100000000000000000e+01
0.000000000000000000e+00 1.175000000000000000e+01 9.599999999999999645e+00 1.200000000000000000e+01 1.500000000000000000e+01 2.100000000000000000e+01 1.150000000000000000e+01 2.100000000000000000e+01 1.400000000000000000e+01 1.400000000000000000e+01 2.100000000000000000e+01 2.100000000000000000e+01 2.100000000000000000e+01 5.599999999999999645e+00
0.000000000000000000e+00 2.100000000000000000e+01 2.100000000000000000e+01 1.050000000000000000e+01 2.100000000000000000e+01 2.100000000000000000e+01 1.466666666666666785e+01 2.100000000000000000e+01 2.100000000000000000e+01 1.050000000000000000e+01 2.100000000000000000e+01 1.150000000000000000e+01 1.400000000000000000e+01 2.100000000000000000e+01
0.000000000000000000e+00 2.100000000000000000e+01 2.100000000000000000e+01 1.625000000000000000e+01 2.100000000000000000e+01 1.433333333333333393e+01 2.100000000000000000e+01 1.100000000000000000e+01 2.100000000000000000e+01 2.100000000000000000e+01 2.100000000000000000e+01 2.100000000000000000e+01 2.100000000000000000e+01 1.466666666666666607e+01
0.000000000000000000e+00 2.100000000000000000e+01 1.575000000000000000e+01 2.100000000000000000e+01 1.400000000000000000e+01 2.100000000000000000e+01 2.100000000000000000e+01 2.100000000000000000e+01 2.100000000000000000e+01 2.100000000000000000e+01 2.100000000000000000e+01 2.100000000000000000e+01 2.100000000000000000e+01 1.050000000000000000e+01
0.000000000000000000e+00 2.100000000000000000e+01 2.100000000000000000e+01 2.100000000000000000e+01 1.575000000000000000e+01 2.100000000000000000e+01 2.100000000000000000e+01 2.100000000000000000e+01 2.100000000000000000e+01 2.100000000000000000e+01 2.100000000000000000e+01 2.100000000000000000e+01 2.100000000000000000e+01 2.100000000000000000e+01
0.000000000000000000e+00 0.000000000000000000e+00 2.100000000000000000e+01 2.100000000000000000e+01 2.100000000000000000e+01 2.100000000000000000e+01 0.000000000000000000e+00 0.000000000000000000e+00 0.000000000000000000e+00 0.000000000000000000e+00 0.000000000000000000e+00 2.100000000000000000e+01 0.000000000000000000e+00 2.100000000000000000e+01
