2.100000000000000000e+01 2.100000000000000000e+01 2.100000000000000000e+01 2.100000000000000000e+01 2.100000000000000000e+01 2.100000000000000000e+01 2.100000000000000000e+01 2.100000000000000000e+01 2.100000000000000000e+01 2.100000000000000000e+01 2.100000000000000000e+01 2.100000000000000000e+01 2.100000000000000000e+01 2.100000000000000000e+01
2.000000000000000000e+01 1.239766081871345627e+01 1.130434782608695521e+01 1.191780821917808275e+01 1.249999999999999467e+01 1.355555555555555536e+01 1.240740740740739945e+01 1.376146788990825520e+01 1.455999999999998984e+01 1.194690265486725700e+01 1.451776649746193115e+01 1.391891891891892286e+01 1.190697674418604812e+01 1.150684931506849829e+01
1.900000000000000000e+01 1.397849462365591044e+01 1.398305084745762095e+01 1.260869565217391219e+01 1.355371900826445497e+01 1.402173913043478315e+01 1.340277777777777679e+01 1.432885906040268331e+01 1.605504587155962781e+01 1.353919239904988459e+01 1.202247191011236005e+01 1.205741626794258003e+01 1.058823529411764675e+01 1.129870129870130313e+01
1.800000000000000000e+01 1.144230769230769518e+01 1.254385964912280649e+01 1.344370860927152123e+01 1.259259259259258457e+01 1.285714285714286298e+01 1.377551020408163218e+01 1.402116402116402405e+01 1.549689440993789091e+01 1.328358208955224207e+01 1.440433212996389578e+01 1.135416666666666430e+01 1.070312499999999645e+01 1.122641509433962881e+01
1.700000000000000000e+01 1.126213592233009564e+01 1.391304347826087273e+01 1.150000000000000178e+01 1.395348837209301962e+01 1.292929292929293261e+01 1.227272727272727160e+01 1.564102564102563697e+01 1.468468468468468835e+01 1.528455284552845406e+01 1.328947368421052921e+01 1.273584905660377231e+01 1.230263157894736992e+01 1.147058823529411598e+01
1.600000000000000000e+01 1.279279279279279891e+01 1.330708661417323313e+01 1.238938053097344394e+01 1.261194029850746468e+01 1.365217391304348027e+01 1.318181818181818521e+01 1.511278195488721465e+01 1.424657534246574464e+01 1.365853658536585691e+01 1.221238938053097378e+01 1.193939393939394122e+01 1.150943396226415061e+01 1.300000000000000178e+01
1.500000000000000000e+01 1.186046511627906952e+01 1.156521739130434767e+01 1.156028368794326866e+01 1.150442477876106295e+01 1.350515463917525771e+01 1.402597402597402443e+01 1.363636363636364202e+01 1.280303030303029921e+01 1.208333333333333393e+01 1.132653061224490187e+01 1.225806451612904269e+01 1.117437722419929003e+01 9.736842105263159297e+00
1.400000000000000000e+01 1.050314465408804487e+01 1.171874999999999645e+01 1.042016806722689104e+01 1.052631578947368318e+01 1.389312977099237223e+01 1.224806201550387819e+01 1.223140495867768429e+01 1.235294117647058343e+01 1.235741444866920347e+01 1.206106870229007733e+01 1.166666666666667140e+01 1.058333333333333393e+01 1.235294117647059053e+01
1.300000000000000000e+01 1.061538461538461853e+01 1.203947368421052388e+01 1.172932330827067560e+01 1.354609929078014474e+01 1.128440366972477271e+01 1.166666666666666785e+01 1.258064516129032384e+01 1.216417910447761486e+01 1.298295454545453609e+01 1.085937500000000178e+01 1.203703703703703276e+01 1.265536723163841515e+01 1.092896174863387593e+01
1.200000000000000000e+01 1.135338345864661491e+01 1.166666666666666963e+01 1.060606060606060019e+01 1.125000000000000355e+01 1.140000000000000036e+01 1.248062015503875344e+01 1.392670157068062942e+01 1.301587301587301226e+01 1.338582677165354440e+01 1.226415094339622591e+01 1.037313432835821203e+01 1.139705882352941835e+01 9.650349650349646424e+00
1.100000000000000000e+01 1.157894736842105132e+01 1.170731707317073145e+01 1.237410071942446521e+01 1.304635761589404019e+01 1.442922374429224952e+01 1.331210191082802119e+01 1.441406250000000000e+01 1.485981308411216339e+01 1.225352112676056393e+01 1.277227722772277652e+01 1.159509202453988053e+01 1.018604651162790553e+01 1.060240963855421192e+01
1.000000000000000000e+01 1.312030075187970013e+01 1.198830409356724758e+01 1.149425287356321768e+01 1.310810810810810878e+01 1.361111111111111072e+01 1.306451612903224913e+01 1.461538461538461497e+01 1.313901345291480283e+01 1.419580419580420205e+01 1.337278106508874842e+01 1.333333333333333393e+01 1.139999999999999680e+01 1.029940119760479433e+01
9.000000000000000000e+00 1.330960854092526624e+01 1.311377245508981382e+01 1.210227272727272840e+01 1.303030303030302051e+01 1.420289855072463681e+01 1.271317829457364645e+01 1.554913294797687939e+01 1.500000000000000533e+01 1.438271604938271331e+01 1.372781065088757657e+01 1.189873417721518578e+01 1.267515923566879366e+01 1.194444444444444642e+01
8.000000000000000000e+00 1.315533980582524265e+01 1.224409448818897772e+01 1.307017543859648256e+01 1.382075471698112956e+01 1.312499999999999822e+01 1.331125827814569540e+01 1.512345679012346089e+01 1.452261306532663276e+01 1.369098712446351485e+01 1.271084337349397408e+01 1.352564102564102555e+01 1.307692307692307487e+01 1.136718749999998934e+01
7.000000000000000000e+00 1.352941176470588047e+01 1.412500000000000533e+01 1.448275862068965658e+01 1.384210526315789203e+01 1.560000000000000142e+01 1.444444444444444464e+01 1.564748201438846387e+01 1.718749999999999645e+01 1.385689354275741714e+01 1.360946745562129934e+01 1.424528301886792292e+01 1.247787610619469234e+01 1.191919191919192045e+01
6.000000000000000000e+00 1.365949119373776810e+01 1.268582136164897811e+01 1.353333333333333499e+01 1.268965517241379004e+01 1.529914529914529986e+01 1.473684210526315219e+01 1.431999999999999673e+01 1.453125000000000000e+01 1.363996043521265555e+01 1.351528384279475681e+01 1.366336633663366662e+01 1.391304347826087096e+01 1.093437152391545020e+01
5.000000000000000000e+00 1.093318608503591705e+01 1.021144278606966083e+01 1.066044029352902101e+01 1.127392739273927802e+01 1.153225806451612634e+01 1.175040518638573950e+01 1.182989690721648302e+01 1.203524229074890606e+01 1.177215189873418311e+01 1.138476755687437780e+01 1.111222444889779482e+01 9.417879417879429838e+00 9.082177161152619860e+00
4.000000000000000000e+00 9.071782178217821624e+00 8.022049286640729804e+00 8.754231550440090714e+00 8.727404193781609365e+00 8.383484954513654941e+00 9.096185737976783869e+00 9.131513647642682585e+00 9.947871416159872027e+00 9.646712463199202503e+00 8.774459320288359621e+00 9.185185185185176238e+00 8.206330597889810008e+00 7.850122850122848384e+00
3.000000000000000000e+00 6.174934725848570061e+00 6.377440347071586579e+00 5.997034840622680996e+00 6.543951915852744605e+00 6.240310077519379384e+00 7.405857740585773286e+00 7.759259259259255082e+00 8.389830508474577897e+00 6.817653890824631802e+00 6.604395604395604025e+00 6.722783389450052383e+00 6.040268456375829764e+00 6.174801362088537360e+00
2.000000000000000000e+00 4.733475479744137182e+00 4.961636828644498287e+00 4.750000000000000000e+00 4.459691252144071250e+00 4.616006467259501811e+00 3.970201577563544415e+00 4.990439770554493393e+00 5.929752066115701048e+00 5.803382663847779455e+00 5.095398428731762408e+00 4.748858447488578882e+00 4.851720047449589401e+00 4.711409395973157999e+00
1.000000000000000000e+00 3.670498084291190288e+00 3.658536585365854243e+00 3.005319148936167029e+00 2.585895117540688126e+00 2.515500442869794018e+00 2.522432701894318452e+00 2.701421800947864327e+00 3.930885529157671865e+00 3.161659513590842963e+00 2.727272727272727071e+00 3.050632911392404445e+00 2.842712842712842303e+00 2.420027816411684629e+00
0.000000000000000000e+00 2.040457343887422059e+00 1.497175141242938823e+00 1.699115044247784923e+00 1.264150943396229465e+00 1.501416430594901819e+00 1.056338028169013121e+00 1.163594470046082963e+00 1.493099121706399579e+00 1.157270029673591605e+00 1.268163804491414526e+00 1.008403361344538895e+00 9.001406469760907525e-01 8.593750000000004441e-01
