2.100000000000000000e+01 2.100000000000000000e+01 2.100000000000000000e+01 2.100000000000000000e+01 2.100000000000000000e+01 2.100000000000000000e+01 2.100000000000000000e+01 2.100000000000000000e+01 2.100000000000000000e+01 2.100000000000000000e+01 2.100000000000000000e+01 2.100000000000000000e+01 2.100000000000000000e+01 2.100000000000000000e+01
2.000000000000000000e+01 1.182539682539682069e+01 1.175000000000000533e+01 1.214285714285714235e+01 1.061946902654867486e+01 1.289215686274510020e+01 1.490566037735849036e+01 1.305084745762712117e+01 1.538793103448275978e+01 1.261627906976743674e+01 1.149350649350649434e+01 1.108208955223880743e+01 9.444444444444446418e+00 1.060606060606060908e+01
1.900000000000000000e+01 1.258547008547008872e+01 1.130769230769231015e+01 1.407407407407407263e+01 1.332015810276679879e+01 1.340206185567010166e+01 1.285714285714285943e+01 1.520100502512562990e+01 1.346534653465346487e+01 1.319892473118279419e+01 1.254999999999999716e+01 1.150000000000000000e+01 1.247826086956522040e+01 1.104545454545454497e+01
1.800000000000000000e+01 1.076530612244898322e+01 1.155172413793103736e+01 1.265432098765431768e+01 1.257575757575757791e+01 1.296874999999999822e+01 1.398113207547169168e+01 1.333333333333332682e+01 1.390845070422534846e+01 1.482954545454546036e+01 1.372881355932203107e+01 1.276859504132231216e+01 1.068965517241379359e+01 1.030487804878048408e+01
1.700000000000000000e+01 1.109374999999999467e+01 1.076086956521738891e+01 1.055555555555555536e+01 1.229166666666666785e+01 1.369047619047618802e+01 1.268421052631578760e+01 1.263888888888889106e+01 1.478571428571428825e+01 1.359030837004405079e+01 1.241935483870967616e+01 1.313559322033897736e+01 1.024271844660194475e+01 9.663865546218481484e+00
1.600000000000000000e+01 1.068322981366459601e+01 1.092198581560283621e+01 1.142857142857142527e+01 1.141732283464566322e+01 1.157303370786516972e+01 1.198275862068965658e+01 1.280769230769230660e+01 1.337606837606837296e+01 1.133333333333333570e+01 1.298076923076922817e+01 1.064814814814815058e+01 9.789473684210527438e+00 9.526315789473688511e+00
1.500000000000000000e+01 1.051111111111111462e+01 9.223300970873786753e+00 9.375000000000000000e+00 1.051401869158878277e+01 1.063909774436090494e+01 1.373188405797101197e+01 1.233333333333333215e+01 1.386718750000000178e+01 1.339416058394160558e+01 1.044827586206896264e+01 1.116071428571428648e+01 1.028846153846153832e+01 1.045045045045045029e+01
1.400000000000000000e+01 1.105932203389830448e+01 1.043956043956043622e+01 1.205298013245032962e+01 1.092715231788079144e+01 1.089622641509433798e+01 1.140909090909091184e+01 1.337349397590361733e+01 1.250000000000000355e+01 1.196261682242990254e+01 1.364000000000000234e+01 1.117021276595744084e+01 1.045454545454544970e+01 8.883495145631069789e+00
1.300000000000000000e+01 1.176470588235293846e+01 9.956896551724140565e+00 9.194630872483221751e+00 1.156250000000000000e+01 1.365384615384614797e+01 1.195205479452054576e+01 1.426666666666666750e+01 1.339805825242718385e+01 1.521739130434782794e+01 1.041176470588234793e+01 1.108208955223880388e+01 1.004761904761904923e+01 9.658119658119659334e+00
1.200000000000000000e+01 1.187074829931972708e+01 9.905063291139242665e+00 1.057553956834532194e+01 1.092356687898089795e+01 1.102362204724409622e+01 1.307339449541284182e+01 1.189743589743589602e+01 1.448630136986301231e+01 1.275999999999999623e+01 1.357142857142856940e+01 1.164062499999999822e+01 9.672131147540987683e+00 1.022857142857142776e+01
1.100000000000000000e+01 1.058823529411765385e+01 1.164285714285714413e+01 1.175862068965517260e+01 1.200819672131147797e+01 1.204166666666666963e+01 1.330578512396694002e+01 1.174796747967479504e+01 1.360248447204969224e+01 1.402597402597403509e+01 1.161157024793388359e+01 1.229323308270676662e+01 1.090322580645161388e+01 1.019736842105263186e+01
1.000000000000000000e+01 1.416666666666666963e+01 1.127516778523490260e+01 1.268987341772152000e+01 1.279503105590062262e+01 1.252403846153846345e+01 1.269230769230769518e+01 1.405228758169934622e+01 1.379999999999999716e+01 1.403409090909091361e+01 1.256849315068493489e+01 1.178832116788321294e+01 1.167832167832167833e+01 1.122916666666666075e+01
9.000000000000000000e+00 1.176646706586826241e+01 1.047904191616765956e+01 1.368263473053892554e+01 1.124999999999999112e+01 1.252873563218390274e+01 1.429256594724221330e+01 1.343283582089551942e+01 1.376811594202898270e+01 1.357575757575757791e+01 1.196078431372548856e+01 1.268656716417910069e+01 1.155797101449275210e+01 1.057894736842105843e+01
8.000000000000000000e+00 1.137640449438202772e+01 1.281065088757396708e+01 1.221491228070175872e+01 1.221590909090908994e+01 1.459905660377357783e+01 1.251336898395722308e+01 1.408854166666666785e+01 1.452531645569619556e+01 1.475388601036269698e+01 1.297927461139896721e+01 1.206214689265536322e+01 1.068452380952380310e+01 1.051724137931033987e+01
7.000000000000000000e+00 1.315789473684210975e+01 1.288321167883211871e+01 1.295454545454545858e+01 1.326086956521739424e+01 1.540598290598290632e+01 1.506451612903225268e+01 1.576315789473684248e+01 1.561674008810572367e+01 1.414062500000000000e+01 1.303030303030303116e+01 1.240601503759398838e+01 1.384210526315789203e+01 1.237113402061856426e+01
6.000000000000000000e+00 1.197062084257206926e+01 1.271186440677966090e+01 1.195121951219512013e+01 1.376760563380281610e+01 1.340336134453781547e+01 1.255033557046980519e+01 1.445454545454545325e+01 1.557851239669422050e+01 1.308924485125858439e+01 1.306338028169013654e+01 1.309523809523809312e+01 1.125000000000000178e+01 1.311224489795918124e+01
5.000000000000000000e+00 1.080799045915324541e+01 9.905721716514943154e+00 1.008635578583762715e+01 1.000000000000000533e+01 1.114978902953586726e+01 1.145533141210374595e+01 1.136552872606160669e+01 1.186964795432920461e+01 1.135288966725043558e+01 1.043362831858406459e+01 9.948927477017361909e+00 8.990731204943353205e+00 9.511627906976757529e+00
4.000000000000000000e+00 8.920704845814983130e+00 8.156370656370667049e+00 7.568807339449537430e+00 7.459478505990136732e+00 7.286942924159500734e+00 8.257142857142859782e+00 9.019264448336263840e+00 9.753363228699569731e+00 8.572796934865881013e+00 8.563432835820883327e+00 7.945973496432213956e+00 7.066666666666668206e+00 7.408883826879267609e+00
3.000000000000000000e+00 6.022418478260866515e+00 6.111479761114789966e+00 5.652332361516029913e+00 5.320030120481918701e+00 5.878889823381004298e+00 6.025963149078731540e+00 6.539871677360221902e+00 7.509765624999990230e+00 6.760797342192693904e+00 6.366834170854276387e+00 6.904761904761905988e+00 6.195652173913049232e+00 5.560141509433966789e+00
2.000000000000000000e+00 4.453911696359411643e+00 4.142189586114825239e+00 4.371474617244148320e+00 3.898763523956725763e+00 3.617747440273038073e+00 3.551936619718308208e+00 4.070961718020539521e+00 5.851063829787230830e+00 5.114503816793888546e+00 4.265957446808508635e+00 5.072222222222221966e+00 4.059929494712106290e+00 3.754764930114358190e+00
1.000000000000000000e+00 2.573302469135803072e+00 2.760761589403973648e+00 2.300739523418240395e+00 2.757847533632287185e+00 2.341532639545885974e+00 1.963562753036434350e+00 2.470960929250269000e+00 3.054607508532423132e+00 2.921686746987952166e+00 2.286063569682152075e+00 2.455919395465995692e+00 2.405857740585777726e+00 2.153236459709378714e+00
0.000000000000000000e+00 1.286067600989281079e+00 1.465590484282072170e+00 1.238012205754141615e+00 9.481915933528841656e-01 9.888579387186643421e-01 8.254468980021035796e-01 7.277289836888327645e-01 9.145607701564382186e-01 6.760374832663991196e-01 6.564986737400536621e-01 6.657789613848207333e-01 5.241935483870966417e-01 3.614457831325303405e-01
