2.100000000000000000e+01 2.100000000000000000e+01 2.100000000000000000e+01 2.100000000000000000e+01 2.100000000000000000e+01 2.100000000000000000e+01 2.100000000000000000e+01 2.100000000000000000e+01 2.100000000000000000e+01 2.100000000000000000e+01 2.100000000000000000e+01 2.100000000000000000e+01 2.100000000000000000e+01 2.100000000000000000e+01
2.000000000000000000e+01 2.000000000000000000e+01 8.571428571428571175e+00 1.600000000000000000e+01 5.000000000000000000e+00 2.000000000000000000e+01 2.000000000000000000e+01 2.000000000000000000e+01 2.000000000000000000e+01 2.000000000000000000e+01 2.000000000000000000e+01 2.000000000000000000e+01 2.000000000000000000e+01 2.000000000000000000e+01
1.900000000000000000e+01 7.272727272727272485e+00 1.900000000000000000e+01 1.363636363636363669e+01 1.900000000000000000e+01 2.000000000000000000e+01 1.900000000000000000e+01 2.000000000000000000e+01 1.333333333333333393e+01 1.142857142857142883e+01 1.176470588235294201e+01 1.900000000000000000e+01 1.333333333333333393e+01 2.000000000000000000e+01
1.800000000000000000e+01 0.000000000000000000e+00 0.000000000000000000e+00 1.666666666666666785e+01 1.800000000000000000e+01 2.000000000000000000e+01 1.441176470588235325e+01 1.400000000000000000e+01 1.333333333333333393e+01 1.454545454545454497e+01 2.000000000000000000e+01 1.318181818181818166e+01 1.333333333333333393e+01 2.000000000000000000e+01
1.700000000000000000e+01 6.153846153846153300e+00 1.700000000000000000e+01 1.000000000000000000e+01 2.000000000000000000e+01 2.000000000000000000e+01 2.000000000000000000e+01 1.700000000000000000e+01 1.466666666666666607e+01 1.714285714285714590e+01 1.125000000000000000e+01 2.000000000000000000e+01 1.000000000000000000e+01 2.000000000000000000e+01
1.600000000000000000e+01 0.000000000000000000e+00 6.666666666666666963e+00 1.666666666666666785e+01 1.826086956521739069e+01 0.000000000000000000e+00 1.333333333333333215e+01 1.647058823529411598e+01 1.833333333333333215e+01 2.000000000000000000e+01 1.600000000000000000e+01 1.600000000000000000e+01 1.333333333333333393e+01 8.571428571428571175e+00
1.500000000000000000e+01 0.000000000000000000e+00 2.000000000000000000e+01 1.500000000000000000e+01 1.500000000000000000e+01 1.142857142857142883e+01 2.000000000000000000e+01 1.500000000000000000e+01 2.000000000000000000e+01 1.250000000000000000e+01 1.500000000000000000e+01 2.000000000000000000e+01 2.000000000000000000e+01 2.000000000000000000e+01
1.400000000000000000e+01 1.600000000000000000e+01 1.000000000000000000e+01 1.629629629629629761e+01 1.285714285714285765e+01 2.000000000000000000e+01 2.000000000000000000e+01 1.400000000000000000e+01 1.230769230769230660e+01 2.000000000000000000e+01 1.400000000000000000e+01 1.454545454545454497e+01 1.400000000000000000e+01 1.000000000000000000e+01
1.300000000000000000e+01 5.454545454545455030e+00 0.000000000000000000e+00 1.250000000000000000e+01 1.714285714285714235e+01 1.764705882352941302e+01 1.000000000000000000e+01 2.000000000000000000e+01 2.000000000000000000e+01 1.900000000000000355e+01 1.846153846153846345e+01 1.428571428571428648e+01 2.000000000000000000e+01 1.333333333333333215e+01
1.200000000000000000e+01 6.666666666666666075e+00 1.590909090909091006e+01 1.733333333333333570e+01 1.625000000000000000e+01 2.000000000000000000e+01 1.333333333333333393e+01 6.000000000000000000e+00 1.647058823529411598e+01 2.000000000000000000e+01 1.692307692307692335e+01 2.000000000000000000e+01 1.333333333333333393e+01 1.000000000000000000e+01
1.100000000000000000e+01 5.454545454545455030e+00 1.318181818181818166e+01 2.000000000000000000e+01 1.100000000000000000e+01 0.000000000000000000e+00 2.000000000000000000e+01 1.500000000000000000e+01 2.000000000000000000e+01 1.818181818181817988e+01 1.111111111111111072e+01 1.500000000000000000e+01 1.714285714285714235e+01 0.000000000000000000e+00
1.000000000000000000e+01 1.608695652173912904e+01 2.000000000000000000e+01 2.000000000000000000e+01 1.333333333333333393e+01 1.104166666666666607e+01 1.400000000000000000e+01 2.000000000000000000e+01 2.000000000000000000e+01 2.000000000000000000e+01 1.000000000000000000e+01 1.500000000000000000e+01 1.500000000000000000e+01 1.043478260869565233e+01
9.000000000000000000e+00 1.500000000000000000e+01 9.000000000000000000e+00 1.500000000000000000e+01 9.000000000000000000e+00 2.000000000000000000e+01 1.351851851851851727e+01 2.000000000000000000e+01 2.000000000000000000e+01 1.750000000000000000e+01 2.000000000000000000e+01 1.500000000000000000e+01 1.300000000000000000e+01 1.636363636363636331e+01
8.000000000000000000e+00 2.000000000000000000e+01 1.400000000000000000e+01 1.181818181818181834e+01 1.666666666666666785e+01 1.565217391304347672e+01 9.615384615384614975e+00 2.000000000000000000e+01 8.888888888888889284e+00 1.571428571428571352e+01 2.000000000000000000e+01 1.700000000000000000e+01 6.666666666666666075e+00 0.000000000000000000e+00
7.000000000000000000e+00 2.000000000000000000e+01 2.000000000000000000e+01 1.000000000000000000e+01 2.000000000000000000e+01 2.000000000000000000e+01 2.000000000000000000e+01 7.000000000000000000e+00 1.600000000000000000e+01 0.000000000000000000e+00 7.000000000000000000e+00 2.000000000000000000e+01 2.000000000000000000e+01 2.000000000000000000e+01
6.000000000000000000e+00 2.000000000000000000e+01 2.000000000000000000e+01 1.625000000000000000e+01 2.000000000000000000e+01 6.000000000000000000e+00 1.100000000000000000e+01 2.000000000000000000e+01 6.000000000000000000e+00 6.000000000000000000e+00 7.500000000000000000e+00 8.571428571428571175e+00 2.000000000000000000e+01 6.666666666666666963e+00
5.000000000000000000e+00 3.333333333333333037e+00 5.000000000000000000e+00 2.000000000000000000e+01 0.000000000000000000e+00 2.000000000000000000e+01 2.000000000000000000e+01 5.000000000000000000e+00 2.000000000000000000e+01 1.000000000000000000e+01 2.000000000000000000e+01 1.666666666666666741e+00 2.000000000000000000e+01 6.428571428571428825e+00
4.000000000000000000e+00 0.000000000000000000e+00 3.500000000000000000e+00 1.111111111111111072e+01 2.000000000000000000e+01 6.666666666666666075e+00 1.300000000000000000e+01 8.333333333333332149e+00 5.000000000000000000e+00 2.000000000000000000e+01 2.000000000000000000e+01 1.000000000000000000e+01 1.666666666666666741e+00 4.000000000000000000e+00
3.000000000000000000e+00 3.000000000000000000e+00 7.500000000000000000e+00 0.000000000000000000e+00 0.000000000000000000e+00 6.250000000000000888e+00 1.214285714285714413e+01 1.000000000000000000e+01 3.000000000000000000e+00 2.000000000000000000e+01 2.000000000000000000e+01 1.333333333333333393e+01 6.666666666666666963e+00 8.333333333333333925e+00
2.000000000000000000e+00 2.000000000000000000e+01 3.214285714285713969e+00 1.000000000000000000e+01 1.333333333333333393e+01 0.000000000000000000e+00 0.000000000000000000e+00 1.000000000000000000e+01 0.000000000000000000e+00 1.000000000000000000e+01 5.625000000000000000e+00 8.333333333333332149e+00 2.000000000000000000e+01 2.000000000000000000e+00
1.000000000000000000e+00 0.000000000000000000e+00 0.000000000000000000e+00 4.000000000000000000e+00 1.363636363636363757e+00 0.000000000000000000e+00 0.000000000000000000e+00 1.250000000000000000e+01 2.000000000000000000e+01 0.000000000000000000e+00 2.000000000000000000e+00 1.000000000000000000e+00 0.000000000000000000e+00 1.250000000000000000e+01
0.000000000000000000e+00 0.000000000000000000e+00 0.000000000000000000e+00 0.000000000000000000e+00 1.428571428571428603e+00 0.000000000000000000e+00 5.000000000000000000e+00 0.000000000000000000e+00 0.000000000000000000e+00 0.000000000000000000e+00 0.000000000000000000e+00 0.000000000000000000e+00 0.000000000000000000e+00 0.000000000000000000e+00
