2.100000000000000000e+01 2.100000000000000000e+01 2.100000000000000000e+01 2.100000000000000000e+01 2.100000000000000000e+01 2.100000000000000000e+01 2.100000000000000000e+01 2.100000000000000000e+01 2.100000000000000000e+01 2.100000000000000000e+01 2.100000000000000000e+01 2.100000000000000000e+01 2.100000000000000000e+01 2.100000000000000000e+01
2.000000000000000000e+01 0.000000000000000000e+00 2.000000000000000000e+01 2.000000000000000000e+01 2.000000000000000000e+01 1.400000000000000000e+01 2.000000000000000000e+01 1.538461538461538503e+01 2.000000000000000000e+01 1.250000000000000000e+01 1.199999999999999822e+01 2.000000000000000000e+01 1.294117647058823550e+01 2.000000000000000000e+01
1.900000000000000000e+01 1.500000000000000000e+01 1.157894736842105310e+01 2.000000000000000000e+01 8.695652173913043015e+00 1.684210526315789380e+01 1.111111111111111072e+01 1.250000000000000000e+01 0.000000000000000000e+00 1.900000000000000000e+01 1.333333333333333393e+01 1.200000000000000000e+01 1.900000000000000000e+01 1.900000000000000000e+01
1.800000000000000000e+01 1.800000000000000000e+01 1.529411764705882426e+01 1.333333333333333393e+01 2.000000000000000000e+01 0.000000000000000000e+00 1.800000000000000000e+01 1.250000000000000000e+01 1.625000000000000000e+01 1.249999999999999822e+01 1.555555555555555536e+01 1.800000000000000000e+01 1.800000000000000000e+01 0.000000000000000000e+00
1.700000000000000000e+01 5.000000000000000000e+00 2.000000000000000000e+01 2.000000000000000000e+01 1.700000000000000000e+01 1.700000000000000000e+01 1.000000000000000000e+01 1.700000000000000000e+01 2.000000000000000000e+01 1.666666666666666785e+01 2.000000000000000000e+01 1.500000000000000000e+01 1.000000000000000000e+01 1.600000000000000000e+01
1.600000000000000000e+01 1.600000000000000000e+01 1.176470588235294201e+01 1.391304347826086740e+01 1.600000000000000000e+01 1.571428571428571530e+01 1.750000000000000000e+01 2.000000000000000000e+01 2.000000000000000000e+01 1.600000000000000000e+01 1.600000000000000000e+01 1.333333333333333393e+01 2.000000000000000000e+01 0.000000000000000000e+00
1.500000000000000000e+01 1.500000000000000000e+01 2.000000000000000000e+01 1.384615384615384492e+01 2.000000000000000000e+01 1.400000000000000000e+01 2.000000000000000000e+01 1.666666666666666430e+01 0.000000000000000000e+00 1.888888888888888573e+01 1.500000000000000000e+01 2.000000000000000000e+01 1.090909090909090828e+01 1.500000000000000000e+01
1.400000000000000000e+01 1.600000000000000000e+01 1.500000000000000000e+01 2.000000000000000000e+01 1.400000000000000000e+01 2.000000000000000000e+01 1.235294117647058698e+01 8.000000000000000000e+00 1.333333333333333393e+01 1.142857142857142883e+01 2.000000000000000000e+01 1.555555555555555536e+01 1.222222222222222143e+01 2.000000000000000000e+01
1.300000000000000000e+01 1.300000000000000000e+01 1.400000000000000000e+01 1.300000000000000000e+01 1.619047619047618980e+01 2.000000000000000000e+01 1.300000000000000000e+01 2.000000000000000000e+01 1.300000000000000000e+01 1.400000000000000000e+01 2.000000000000000000e+01 1.294117647058823550e+01 1.000000000000000000e+01 1.230769230769230660e+01
1.200000000000000000e+01 1.500000000000000000e+01 1.200000000000000000e+01 9.523809523809523725e+00 2.000000000000000000e+01 1.260869565217391219e+01 2.000000000000000000e+01 1.294117647058823550e+01 1.600000000000000000e+01 1.000000000000000000e+01 1.333333333333333393e+01 1.111111111111111072e+01 1.500000000000000000e+01 1.166666666666666607e+01
1.100000000000000000e+01 1.000000000000000000e+01 1.714285714285714235e+01 2.000000000000000000e+01 1.100000000000000000e+01 2.000000000000000000e+01 2.000000000000000000e+01 2.000000000000000000e+01 1.600000000000000000e+01 1.800000000000000000e+01 1.000000000000000000e+01 1.200000000000000000e+01 8.947368421052630083e+00 3.333333333333333037e+00
1.000000000000000000e+01 6.086956521739129933e+00 2.000000000000000000e+01 1.619047619047618980e+01 2.000000000000000000e+01 2.000000000000000000e+01 1.333333333333333215e+01 1.000000000000000000e+01 1.666666666666666785e+01 1.250000000000000000e+01 2.000000000000000000e+01 2.000000000000000000e+01 1.111111111111111072e+01 2.000000000000000000e+01
9.000000000000000000e+00 9.629629629629629761e+00 1.500000000000000000e+01 2.000000000000000000e+01 1.500000000000000000e+01 1.333333333333333215e+01 8.888888888888889284e+00 1.875000000000000000e+01 2.000000000000000000e+01 1.111111111111111072e+01 2.000000000000000000e+01 1.500000000000000000e+01 1.600000000000000000e+01 2.000000000000000000e+01
8.000000000000000000e+00 1.472222222222222143e+01 1.217391304347826164e+01 1.666666666666666785e+01 2.000000000000000000e+01 1.272727272727272663e+01 1.666666666666666785e+01 2.000000000000000000e+01 1.375000000000000000e+01 1.428571428571428648e+01 1.600000000000000000e+01 1.800000000000000000e+01 1.333333333333333393e+01 6.000000000000000000e+00
7.000000000000000000e+00 2.000000000000000000e+01 7.000000000000000000e+00 2.000000000000000000e+01 7.000000000000000000e+00 7.000000000000000000e+00 2.000000000000000000e+01 2.000000000000000000e+01 7.000000000000000000e+00 6.666666666666666963e+00 2.000000000000000000e+01 7.000000000000000000e+00 2.000000000000000000e+01 2.000000000000000000e+01
6.000000000000000000e+00 1.428571428571428470e+01 1.428571428571428648e+01 2.000000000000000000e+01 1.333333333333333393e+01 6.000000000000000000e+00 2.000000000000000000e+01 6.000000000000000000e+00 2.000000000000000000e+01 0.000000000000000000e+00 1.500000000000000000e+01 1.600000000000000000e+01 1.285714285714285765e+01 8.000000000000000000e+00
5.000000000000000000e+00 8.000000000000000000e+00 5.000000000000000000e+00 0.000000000000000000e+00 1.777777777777777857e+01 5.000000000000000000e+00 2.000000000000000000e+01 5.000000000000000000e+00 2.000000000000000000e+01 0.000000000000000000e+00 1.333333333333333393e+01 1.250000000000000000e+01 0.000000000000000000e+00 0.000000000000000000e+00
4.000000000000000000e+00 1.200000000000000000e+01 2.000000000000000000e+01 1.333333333333333393e+01 4.000000000000000000e+00 1.333333333333333393e+01 1.600000000000000000e+01 8.000000000000000000e+00 0.000000000000000000e+00 1.000000000000000000e+01 1.125000000000000000e+01 1.333333333333333215e+01 1.000000000000000000e+01 2.000000000000000000e+01
3.000000000000000000e+00 4.615384615384614975e+00 3.000000000000000000e+00 2.857142857142857206e+00 2.000000000000000000e+01 0.000000000000000000e+00 7.058823529411764497e+00 0.000000000000000000e+00 6.666666666666666075e+00 3.000000000000000000e+00 1.500000000000000000e+01 0.000000000000000000e+00 0.000000000000000000e+00 5.000000000000000000e+00
2.000000000000000000e+00 0.000000000000000000e+00 0.000000000000000000e+00 0.000000000000000000e+00 1.000000000000000000e+01 6.666666666666666963e+00 7.333333333333333925e+00 1.000000000000000000e+01 0.000000000000000000e+00 6.666666666666666963e+00 0.000000000000000000e+00 2.000000000000000000e+01 1.500000000000000000e+01 6.666666666666666075e+00
1.000000000000000000e+00 0.000000000000000000e+00 1.000000000000000000e+00 0.000000000000000000e+00 0.000000000000000000e+00 0.000000000000000000e+00 8.333333333333332593e-01 5.000000000000000000e+00 2.000000000000000000e+00 0.000000000000000000e+00 2.000000000000000000e+01 0.000000000000000000e+00 5.000000000000000000e+00 6.000000000000000000e+00
0.000000000000000000e+00 1.000000000000000000e+01 2.500000000000000000e+00 0.000000000000000000e+00 6.666666666666666963e+00 6.666666666666666075e+00 0.000000000000000000e+00 0.000000000000000000e+00 0.000000000000000000e+00 0.000000000000000000e+00 5.000000000000000000e+00 0.000000000000000000e+00 0.000000000000000000e+00 0.000000000000000000e+00
