0.000000000000000000e+00 0.000000000000000000e+00 0.000000000000000000e+00 0.000000000000000000e+00 0.000000000000000000e+00 0.000000000000000000e+00 0.000000000000000000e+00 0.000000000000000000e+00 0.000000000000000000e+00 0.000000000000000000e+00 0.000000000000000000e+00 0.000000000000000000e+00 0.000000000000000000e+00 0.000000000000000000e+00
0.000000000000000000e+00 1.078713968957873170e+01 1.051505546751189613e+01 1.077830188679246426e+01 1.066358024691356832e+01 1.122611464968151473e+01 1.128583128583129280e+01 1.222132471728594538e+01 1.260143198090692884e+01 1.189353612167299090e+01 1.161943319838054300e+01 1.122752150117278447e+01 1.029239766081870400e+01 9.865079365079381546e+00
0.000000000000000000e+00 1.118935837245695986e+01 1.076152304609218824e+01 1.087313432835820493e+01 1.045627376425856880e+01 1.128853754940710807e+01 1.138062547673532343e+01 1.206554878048779678e+01 1.271417740712661093e+01 1.151973131821996432e+01 1.154918667699458368e+01 1.057971014492753348e+01 9.969535415079956664e+00 9.827450980392187674e+00
0.000000000000000000e+00 1.079622132253713040e+01 1.061224489795916703e+01 1.042718446601943327e+01 1.109116022099446930e+01 1.134823359769285389e+01 1.180672268907564515e+01 1.222533240027991397e+01 1.292569659442724905e+01 1.176304654442878039e+01 1.174662668665668974e+01 1.078683834048640833e+01 1.038435603506404448e+01 9.526462395543179085e+00
0.000000000000000000e+00 1.118386243386240864e+01 1.067024128686325923e+01 1.123139377537212980e+01 1.059349593495935160e+01 1.124293785310732652e+01 1.139322916666667673e+01 1.246778350515463174e+01 1.252361673414305443e+01 1.215344938749192139e+01 1.119032047089601356e+01 1.102027468933944654e+01 1.030104712041884341e+01 9.980744544287540876e+00
0.000000000000000000e+00 1.078769230769233900e+01 1.090123456790122169e+01 1.083385579937304755e+01 1.062575210589652563e+01 1.094476744186045281e+01 1.106356968215158609e+01 1.209905660377357783e+01 1.244114002478314340e+01 1.136230182031708758e+01 1.108391608391607797e+01 1.044875682231656455e+01 1.044242424242424860e+01 9.919852034525280970e+00
0.000000000000000000e+00 1.047590719809637427e+01 1.022922636103151639e+01 1.012440758293839238e+01 1.024580335731416803e+01 1.046766743648959697e+01 1.078571428571429003e+01 1.106468231253579226e+01 1.209630064591894438e+01 1.143649473100387226e+01 1.077610273590172696e+01 1.008728859792688226e+01 9.649546827794575066e+00 9.233449477351896917e+00
0.000000000000000000e+00 1.001093493712411231e+01 9.618163054695562764e+00 9.581749049429651777e+00 9.522039298990975453e+00 9.853172522286328672e+00 1.015599784830553531e+01 1.081321473951714829e+01 1.116788321167883424e+01 1.069854916711445547e+01 9.923913043478263418e+00 9.918122270742355084e+00 9.496959646213364081e+00 8.843899840170481141e+00
0.000000000000000000e+00 9.338014042126378200e+00 9.436408977556110855e+00 9.395302348825580907e+00 9.119466920514053498e+00 9.405646359583938576e+00 9.707842132239877131e+00 1.012676743052169037e+01 1.067647058823528816e+01 1.018401682439537836e+01 9.870517928286842491e+00 9.056603773584903649e+00 8.387922210849568572e+00 8.072942336126168072e+00
0.000000000000000000e+00 1.017273576097103671e+01 9.790697674418630925e+00 9.590239410681395071e+00 9.783709157846287141e+00 9.844486333647489928e+00 1.007918025151373165e+01 1.076633756464504721e+01 1.137691237830318691e+01 1.095696489241223937e+01 1.021365536460753809e+01 9.612293144208038598e+00 9.176688251618855929e+00 8.479369494668539176e+00
0.000000000000000000e+00 1.076401446654613281e+01 1.021111589831969368e+01 1.031725336810084315e+01 1.014078498293514130e+01 1.050238198354263375e+01 1.087204206836110210e+01 1.151488227454466617e+01 1.210980036297640794e+01 1.149313247673904925e+01 1.081377933100349686e+01 1.034863945578232958e+01 9.549198092761164602e+00 9.449300699300705375e+00
0.000000000000000000e+00 1.099009900990096789e+01 1.072966507177035211e+01 1.075095460330928887e+01 1.097680097680096445e+01 1.124546553808947991e+01 1.140958517921870197e+01 1.185155304558289302e+01 1.256273138626081121e+01 1.160559901193906818e+01 1.113599348534204481e+01 1.052088221492258313e+01 1.019557823129254182e+01 9.517928286852580300e+00
0.000000000000000000e+00 1.168716372021519945e+01 1.135844748858449016e+01 1.148107313487689929e+01 1.124389327320555232e+01 1.137580098002260520e+01 1.168320762207222785e+01 1.237782640408459578e+01 1.273724007561436089e+01 1.174014826375340270e+01 1.142191142191140685e+01 1.106650924832744565e+01 1.039267015706808905e+01 9.988814317673346821e+00
0.000000000000000000e+00 1.195366528354078994e+01 1.169329073482427717e+01 1.184417441029309259e+01 1.193000693000694667e+01 1.229519295870006346e+01 1.218207580588027206e+01 1.249739492879475122e+01 1.319620253164558754e+01 1.216206776108977472e+01 1.172046825115286417e+01 1.151377746773629696e+01 1.092665474060822639e+01 1.034211561148248570e+01
0.000000000000000000e+00 1.193002257336341998e+01 1.207942636514068546e+01 1.248000000000000576e+01 1.199661590524534915e+01 1.244432071269487317e+01 1.272263187748157520e+01 1.325693606755125664e+01 1.341314031180402111e+01 1.255747126436781258e+01 1.215639810426540102e+01 1.173372781065088866e+01 1.111373011196229399e+01 1.084482758620690390e+01
0.000000000000000000e+00 1.267267267267265218e+01 1.256297918948522252e+01 1.282934963868815892e+01 1.238748627881450659e+01 1.278732545649839381e+01 1.299776286353467114e+01 1.306645735217164628e+01 1.347928994082841037e+01 1.252631578947367252e+01 1.284499672988880548e+01 1.221206581352834064e+01 1.173812282734647816e+01 1.136054421768707634e+01
0.000000000000000000e+00 1.261964735516373004e+01 1.272727272727273196e+01 1.205438066465256597e+01 1.309597523219814974e+01 1.287631831255990100e+01 1.325097529258778728e+01 1.323529411764706154e+01 1.330855018587360838e+01 1.344537815126050972e+01 1.307392996108949568e+01 1.199170124481327804e+01 1.108597285067873095e+01 1.261538461538460787e+01
0.000000000000000000e+00 1.388429752066115164e+01 1.412742382271468422e+01 1.362126245847175987e+01 1.385496183206106657e+01 1.415224913494810366e+01 1.288025889967637916e+01 1.378906249999999289e+01 1.385964912280702244e+01 1.432653061224490898e+01 1.373983739837397877e+01 1.413793103448275801e+01 1.238805970149253710e+01 1.278947368421052744e+01
0.000000000000000000e+00 1.451149425287355754e+01 1.396284829721362009e+01 1.469798657718121149e+01 1.404984423676012817e+01 1.389763779527559073e+01 1.496031746031746401e+01 1.554054054054053857e+01 1.536697247706421798e+01 1.435233160621761606e+01 1.405405405405405261e+01 1.300000000000000711e+01 1.352941176470588047e+01 1.333333333333333570e+01
0.000000000000000000e+00 1.490196078431372051e+01 1.525252525252525260e+01 1.512110726643599357e+01 1.564000000000000945e+01 1.580152671755725358e+01 1.594488188976379028e+01 1.613861386138613696e+01 1.550925925925925775e+01 1.493212669683258120e+01 1.434146341463414132e+01 1.421052631578947612e+01 1.379888268156424580e+01 1.396341463414633921e+01
0.000000000000000000e+00 1.670068027210884409e+01 1.677740863787374082e+01 1.606694560669455285e+01 1.674107142857143415e+01 1.609053497942386812e+01 1.615384615384616396e+01 1.725806451612902492e+01 1.666666666666665719e+01 1.583333333333333570e+01 1.606741573033707127e+01 1.595238095238095966e+01 1.559585492227979131e+01 1.492187499999999289e+01
0.000000000000000000e+00 1.732075471698114200e+01 1.716157205240174832e+01 1.713080168776371437e+01 1.755760368663593951e+01 1.741803278688524159e+01 1.749999999999998579e+01 1.747422680412370255e+01 1.771604938271604368e+01 1.741721854304634221e+01 1.736842105263157165e+01 1.655172413793103914e+01 1.678362573099414945e+01 1.669172932330827308e+01
