2.100000000000000000e+01 2.100000000000000000e+01 2.100000000000000000e+01 2.100000000000000000e+01 2.100000000000000000e+01 2.100000000000000000e+01 2.100000000000000000e+01 2.100000000000000000e+01 2.100000000000000000e+01 2.100000000000000000e+01 2.100000000000000000e+01 2.100000000000000000e+01 2.100000000000000000e+01 2.100000000000000000e+01
2.000000000000000000e+01 1.471365638766518380e+01 1.423057389537836315e+01 1.465940054495913181e+01 1.521878335112061187e+01 1.513091922005572165e+01 1.522208883553419767e+01 2.000000000000000000e+01 2.000000000000000000e+01 1.432778489116517306e+01 1.450079239302695555e+01 1.374909354604784184e+01 1.295345104333868846e+01 1.112164296998420454e+01
1.900000000000000000e+01 1.900000000000000000e+01 1.441370223978919718e+01 1.474254742547425501e+01 1.900000000000000000e+01 1.515633882888004536e+01 1.474390243902441533e+01 1.559902200488999746e+01 1.622085889570550776e+01 1.471365638766519979e+01 1.442647058823529349e+01 1.385650224215247484e+01 1.900000000000000000e+01 1.900000000000000000e+01
1.800000000000000000e+01 1.485765124555159922e+01 1.417159763313609488e+01 1.538461538461537970e+01 1.510330578512396826e+01 1.800000000000000000e+01 1.573206876111441410e+01 1.506894649751792592e+01 1.574340527577938076e+01 1.800000000000000000e+01 1.409859154929576697e+01 1.800000000000000000e+01 1.800000000000000000e+01 1.800000000000000000e+01
1.700000000000000000e+01 1.479964381121994776e+01 1.700000000000000000e+01 1.519260400616332873e+01 1.466666666666666607e+01 1.510294936004451216e+01 1.700000000000000000e+01 1.700000000000000000e+01 1.700000000000000000e+01 1.539427773900907859e+01 1.700000000000000000e+01 1.330459770114941875e+01 1.700000000000000000e+01 1.700000000000000000e+01
1.600000000000000000e+01 1.435121107266437690e+01 1.444644464446445298e+01 1.600000000000000000e+01 1.600000000000000000e+01 1.537010159651668495e+01 2.000000000000000000e+01 1.582089552238808139e+01 1.533727810650886170e+01 1.600000000000000000e+01 1.377181208053692174e+01 1.600000000000000000e+01 1.600000000000000000e+01 1.600000000000000000e+01
1.500000000000000000e+01 1.479638009049774361e+01 1.434564523483812160e+01 1.414703110273327269e+01 1.523437500000001066e+01 1.500000000000000000e+01 1.592518370073477207e+01 2.000000000000000000e+01 1.565217391304348560e+01 1.500000000000000000e+01 1.600000000000000000e+01 1.500000000000000000e+01 1.291940298507462259e+01 1.149284253578733406e+01
1.400000000000000000e+01 1.432696390658171914e+01 1.400000000000000000e+01 1.400000000000000000e+01 1.464535464535465081e+01 1.400000000000000000e+01 1.475357710651828214e+01 1.513103448275861318e+01 1.547239263803682618e+01 1.481818181818181479e+01 1.418038183015139175e+01 1.400000000000000000e+01 1.210223642172523206e+01 1.400000000000000000e+01
1.300000000000000000e+01 1.342465753424657571e+01 2.000000000000000000e+01 1.455592894863178799e+01 1.426944971536999596e+01 1.513541134389373255e+01 1.521594684385383012e+01 1.300000000000000000e+01 1.609141055949565668e+01 1.513819095477386689e+01 2.000000000000000000e+01 1.339130434782608248e+01 1.300000000000000000e+01 1.300000000000000000e+01
1.200000000000000000e+01 2.000000000000000000e+01 1.460975609756099125e+01 1.200000000000000000e+01 2.000000000000000000e+01 1.200000000000000000e+01 1.509971509971509285e+01 1.575140091696383671e+01 1.499384993849935910e+01 1.483646485734167264e+01 1.200000000000000000e+01 1.268506900878293742e+01 1.232164449818623275e+01 1.156641604010024516e+01
1.100000000000000000e+01 1.448417591450885311e+01 1.448988377098578439e+01 1.454465464144305464e+01 2.000000000000000000e+01 2.000000000000000000e+01 1.549874686716792738e+01 1.653804930332260525e+01 2.000000000000000000e+01 1.449507389162561566e+01 1.100000000000000000e+01 2.000000000000000000e+01 1.253041362530415270e+01 1.100000000000000000e+01
1.000000000000000000e+01 1.516268130145039272e+01 1.441821946169773661e+01 1.448662640207076890e+01 1.475159235668790458e+01 2.000000000000000000e+01 1.530187721968542114e+01 2.000000000000000000e+01 2.000000000000000000e+01 1.494061757719715722e+01 1.410958904109588730e+01 1.309473684210526478e+01 2.000000000000000000e+01 1.182288671650374212e+01
9.000000000000000000e+00 1.455259026687598300e+01 1.467868338557993546e+01 1.505514705882352899e+01 1.465188470066519066e+01 2.000000000000000000e+01 1.543307086614175638e+01 2.000000000000000000e+01 1.588411588411589825e+01 1.430246189917936661e+01 1.399413489736072513e+01 1.358877495952512149e+01 2.000000000000000000e+01 2.000000000000000000e+01
8.000000000000000000e+00 1.506969334926322190e+01 1.487026797107611742e+01 1.474422442244221365e+01 1.492970123022846174e+01 2.000000000000000000e+01 1.586563307493537067e+01 2.000000000000000000e+01 1.608740894901146135e+01 1.428571428571428648e+01 1.417607223476298728e+01 2.000000000000000000e+01 1.209356725146198919e+01 1.250000000000000000e+01
7.000000000000000000e+00 1.500000000000000178e+01 1.521850899742930530e+01 1.331249999999999467e+01 2.000000000000000000e+01 1.250000000000000000e+01 2.000000000000000000e+01 1.543116490166414145e+01 2.000000000000000000e+01 1.512345679012345379e+01 1.292035398230088816e+01 1.333333333333333393e+01 1.367924528301886333e+01 1.166134185303514847e+01
6.000000000000000000e+00 2.000000000000000000e+01 2.000000000000000000e+01 1.298165137614679843e+01 1.263707571801567475e+01 1.257471264367816666e+01 1.334134615384615152e+01 2.000000000000000000e+01 1.382671480144404441e+01 1.289062500000000711e+01 1.178041543026706250e+01 1.196039603960396391e+01 1.153614457831325169e+01 2.000000000000000000e+01
5.000000000000000000e+00 1.066793893129770510e+01 9.125874125874119613e+00 1.428571428571428648e+01 2.000000000000000000e+01 1.046998867497168639e+01 9.140624999999998224e+00 1.124343257443083033e+01 1.309090909090909349e+01 1.076158940397351493e+01 1.062300319488817379e+01 1.044513457556935165e+01 2.000000000000000000e+01 2.000000000000000000e+01
4.000000000000000000e+00 7.647058823529409466e+00 7.247023809523815530e+00 6.347708894878703489e+00 6.829268292682924901e+00 8.079231692677060650e+00 8.954802259887001625e+00 8.120629370629359300e+00 9.914383561643834497e+00 1.333333333333333393e+01 8.603351955307266152e+00 8.377281947261662864e+00 8.352941176470581652e+00 7.704778156996586524e+00
3.000000000000000000e+00 4.845559845559846757e+00 5.371093749999999112e+00 4.813218390804599345e+00 4.614147909967844186e+00 6.200787401574807234e+00 5.575221238938054213e+00 6.453744493392069792e+00 4.728915662650604368e+00 6.394052044609662033e+00 5.769230769230769162e+00 1.333333333333333393e+01 6.540785498489425365e+00 5.667293233082713932e+00
2.000000000000000000e+00 4.578754578754576698e+00 3.015564202334630295e+00 4.341085271317829175e+00 3.690909090909090029e+00 4.001248439450689531e+00 8.333333333333333703e-01 2.000000000000000000e+01 4.598930481283421301e+00 4.879518072289156017e+00 5.072727272727273196e+00 4.344827586206897685e+00 4.206349206349207392e+00 1.333333333333333393e+01
1.000000000000000000e+00 1.874999999999999112e+00 1.934156378600822235e+00 1.968503937007873628e+00 2.064220183486239257e+00 1.662162162162161838e+00 1.000000000000000000e+01 1.854508196721310842e+00 2.259036144578312033e+00 1.911764705882352589e+00 2.588832487309644659e+00 2.194835680751170859e+00 1.802884615384615197e+00 1.864919354838711962e+00
0.000000000000000000e+00 4.107142857142858094e-01 5.208333333333333703e-01 4.365079365079363449e-01 5.753968253968256841e-01 3.445747800586506648e-01 0.000000000000000000e+00 3.571428571428569843e-01 5.927835051546390677e-01 3.043478260869564300e-01 2.803738317757006882e-01 4.744525547445252456e-01 2.901785714285712858e-01 4.889975550122253600e-01
