0.000000000000000000e+00 0.000000000000000000e+00 0.000000000000000000e+00 0.000000000000000000e+00 0.000000000000000000e+00 0.000000000000000000e+00 0.000000000000000000e+00 0.000000000000000000e+00 0.000000000000000000e+00 0.000000000000000000e+00 0.000000000000000000e+00 0.000000000000000000e+00 0.000000000000000000e+00 0.000000000000000000e+00
0.000000000000000000e+00 1.000000000000000000e+00 1.000000000000000000e+00 1.000000000000000000e+00 1.000000000000000000e+00 1.000000000000000000e+00 1.000000000000000000e+00 1.182000000000000000e+03 1.173000000000000000e+03 1.000000000000000000e+00 1.000000000000000000e+00 1.000000000000000000e+00 1.000000000000000000e+00 1.000000000000000000e+00
0.000000000000000000e+00 1.181000000000000000e+03 1.000000000000000000e+00 1.000000000000000000e+00 1.210000000000000000e+03 1.000000000000000000e+00 1.000000000000000000e+00 1.000000000000000000e+00 1.000000000000000000e+00 1.000000000000000000e+00 1.000000000000000000e+00 1.000000000000000000e+00 1.222000000000000000e+03 1.259000000000000000e+03
0.000000000000000000e+00 1.000000000000000000e+00 1.000000000000000000e+00 1.000000000000000000e+00 1.000000000000000000e+00 1.187000000000000000e+03 1.000000000000000000e+00 1.000000000000000000e+00 1.000000000000000000e+00 1.282000000000000000e+03 1.000000000000000000e+00 1.209000000000000000e+03 1.333000000000000000e+03 1.301000000000000000e+03
0.000000000000000000e+00 1.000000000000000000e+00 1.225000000000000000e+03 1.000000000000000000e+00 1.000000000000000000e+00 1.000000000000000000e+00 1.175000000000000000e+03 1.349000000000000000e+03 1.255000000000000000e+03 1.000000000000000000e+00 1.206000000000000000e+03 1.000000000000000000e+00 1.406000000000000000e+03 1.399000000000000000e+03
0.000000000000000000e+00 1.000000000000000000e+00 1.000000000000000000e+00 1.206000000000000000e+03 1.269000000000000000e+03 1.000000000000000000e+00 1.306000000000000000e+03 1.000000000000000000e+00 1.000000000000000000e+00 1.326000000000000000e+03 1.000000000000000000e+00 1.309000000000000000e+03 1.506000000000000000e+03 1.483000000000000000e+03
0.000000000000000000e+00 1.000000000000000000e+00 1.000000000000000000e+00 1.000000000000000000e+00 1.000000000000000000e+00 1.264000000000000000e+03 1.000000000000000000e+00 1.453000000000000000e+03 1.000000000000000000e+00 1.307000000000000000e+03 1.357000000000000000e+03 1.347000000000000000e+03 1.000000000000000000e+00 1.000000000000000000e+00
0.000000000000000000e+00 1.000000000000000000e+00 1.327000000000000000e+03 1.270000000000000000e+03 1.000000000000000000e+00 1.435000000000000000e+03 1.000000000000000000e+00 1.000000000000000000e+00 1.000000000000000000e+00 1.000000000000000000e+00 1.000000000000000000e+00 1.558000000000000000e+03 1.000000000000000000e+00 1.649000000000000000e+03
0.000000000000000000e+00 1.247000000000000000e+03 1.369000000000000000e+03 1.000000000000000000e+00 1.000000000000000000e+00 1.000000000000000000e+00 1.000000000000000000e+00 1.487000000000000000e+03 1.000000000000000000e+00 1.000000000000000000e+00 1.361000000000000000e+03 1.611000000000000000e+03 1.611000000000000000e+03 1.772000000000000000e+03
0.000000000000000000e+00 1.342000000000000000e+03 1.000000000000000000e+00 1.392000000000000000e+03 1.434000000000000000e+03 1.515000000000000000e+03 5.000000000000000000e+00 1.000000000000000000e+00 1.000000000000000000e+00 1.000000000000000000e+00 1.509000000000000000e+03 1.000000000000000000e+00 1.000000000000000000e+00 1.000000000000000000e+00
0.000000000000000000e+00 1.000000000000000000e+00 1.000000000000000000e+00 1.000000000000000000e+00 1.486000000000000000e+03 1.653000000000000000e+03 1.000000000000000000e+00 1.000000000000000000e+00 1.363000000000000000e+03 1.000000000000000000e+00 1.345000000000000000e+03 1.723000000000000000e+03 1.000000000000000000e+00 1.860000000000000000e+03
0.000000000000000000e+00 1.000000000000000000e+00 1.000000000000000000e+00 1.000000000000000000e+00 1.000000000000000000e+00 1.661000000000000000e+03 1.000000000000000000e+00 1.584000000000000000e+03 1.498000000000000000e+03 1.000000000000000000e+00 1.000000000000000000e+00 1.000000000000000000e+00 1.741000000000000000e+03 1.000000000000000000e+00
0.000000000000000000e+00 1.000000000000000000e+00 1.000000000000000000e+00 1.000000000000000000e+00 1.000000000000000000e+00 1.880000000000000000e+03 1.000000000000000000e+00 1.795000000000000000e+03 1.000000000000000000e+00 1.000000000000000000e+00 1.000000000000000000e+00 1.000000000000000000e+00 1.510000000000000000e+03 2.076000000000000000e+03
0.000000000000000000e+00 1.000000000000000000e+00 1.000000000000000000e+00 1.000000000000000000e+00 1.000000000000000000e+00 2.029000000000000000e+03 1.000000000000000000e+00 1.865000000000000000e+03 1.000000000000000000e+00 1.536000000000000000e+03 1.000000000000000000e+00 1.887000000000000000e+03 1.000000000000000000e+00 1.915000000000000000e+03
0.000000000000000000e+00 1.000000000000000000e+00 1.000000000000000000e+00 1.000000000000000000e+00 3.940000000000000000e+02 9.280000000000000000e+02 1.830000000000000000e+02 1.000000000000000000e+00 4.410000000000000000e+02 1.000000000000000000e+00 1.000000000000000000e+00 7.710000000000000000e+02 1.000000000000000000e+00 1.000000000000000000e+00
0.000000000000000000e+00 3.330000000000000000e+02 2.650000000000000000e+02 2.550000000000000000e+02 2.300000000000000000e+01 1.510000000000000000e+02 1.000000000000000000e+00 7.240000000000000000e+02 1.000000000000000000e+00 1.000000000000000000e+00 1.000000000000000000e+00 1.000000000000000000e+00 1.000000000000000000e+00 1.174000000000000000e+03
0.000000000000000000e+00 1.000000000000000000e+00 1.000000000000000000e+01 3.390000000000000000e+02 3.860000000000000000e+02 4.000000000000000000e+00 1.000000000000000000e+00 1.000000000000000000e+00 1.000000000000000000e+00 1.000000000000000000e+00 1.000000000000000000e+00 1.000000000000000000e+00 6.730000000000000000e+02 1.079000000000000000e+03
0.000000000000000000e+00 1.000000000000000000e+00 1.000000000000000000e+00 1.000000000000000000e+00 1.000000000000000000e+00 1.000000000000000000e+00 2.000000000000000000e+00 1.000000000000000000e+00 1.000000000000000000e+00 3.340000000000000000e+02 1.000000000000000000e+00 1.000000000000000000e+00 1.000000000000000000e+00 1.000000000000000000e+00
0.000000000000000000e+00 1.000000000000000000e+00 1.000000000000000000e+00 1.700000000000000000e+01 1.000000000000000000e+00 4.000000000000000000e+00 1.000000000000000000e+00 3.000000000000000000e+00 1.000000000000000000e+00 1.000000000000000000e+00 4.000000000000000000e+00 7.950000000000000000e+02 1.000000000000000000e+00 2.000000000000000000e+00
0.000000000000000000e+00 2.000000000000000000e+00 2.000000000000000000e+00 1.000000000000000000e+00 3.000000000000000000e+00 4.000000000000000000e+00 1.000000000000000000e+00 7.010000000000000000e+02 1.000000000000000000e+00 4.000000000000000000e+00 1.000000000000000000e+00 3.000000000000000000e+00 1.000000000000000000e+00 9.240000000000000000e+02
0.000000000000000000e+00 1.000000000000000000e+00 1.000000000000000000e+00 1.000000000000000000e+00 1.000000000000000000e+00 1.000000000000000000e+00 1.000000000000000000e+00 1.000000000000000000e+00 1.000000000000000000e+00 2.000000000000000000e+00 1.000000000000000000e+00 3.000000000000000000e+00 1.000000000000000000e+00 1.000000000000000000e+00
0.000000000000000000e+00 1.000000000000000000e+00 1.000000000000000000e+00 1.000000000000000000e+00 1.000000000000000000e+00 1.000000000000000000e+00 0.000000000000000000e+00 1.000000000000000000e+00 1.000000000000000000e+00 1.000000000000000000e+00 1.000000000000000000e+00 1.000000000000000000e+00 1.000000000000000000e+00 1.000000000000000000e+00
