2.100000000000000000e+01 2.100000000000000000e+01 2.100000000000000000e+01 2.100000000000000000e+01 2.100000000000000000e+01 2.100000000000000000e+01 2.100000000000000000e+01 2.100000000000000000e+01 2.100000000000000000e+01 2.100000000000000000e+01 2.100000000000000000e+01 2.100000000000000000e+01 2.100000000000000000e+01 2.100000000000000000e+01
2.000000000000000000e+01 1.205357142857143060e+01 1.115789473684210442e+01 1.185185185185184409e+01 1.177777777777777857e+01 1.333333333333332327e+01 1.293413173652694148e+01 1.363095238095237605e+01 1.474226804123710544e+01 1.247252747252747618e+01 1.397727272727272840e+01 1.286713286713287374e+01 1.185714285714285232e+01 1.086956521739130643e+01
1.900000000000000000e+01 1.309090909090909349e+01 1.322222222222221788e+01 1.204819277108433795e+01 1.318181818181817277e+01 1.266666666666666963e+01 1.285067873303167474e+01 1.410187667560320968e+01 1.477272727272726627e+01 1.332640332640333369e+01 1.189473684210526017e+01 1.182142857142856762e+01 1.013513513513513331e+01 1.020270270270270530e+01
1.800000000000000000e+01 1.175438596491228438e+01 1.175531914893617369e+01 1.324786324786324698e+01 1.210045662100456454e+01 1.283707865168540252e+01 1.371951219512193987e+01 1.367816091954023072e+01 1.518987341772152000e+01 1.283720930232557755e+01 1.362857142857142634e+01 1.217647058823528639e+01 1.122549019607843235e+01 1.048913043478261109e+01
1.700000000000000000e+01 1.150259067357513132e+01 1.255605381165919887e+01 1.228187919463087319e+01 1.295774647887322573e+01 1.131147540983607058e+01 1.246696035242290357e+01 1.468571428571428328e+01 1.366492146596859136e+01 1.486910994764397920e+01 1.302158273381295395e+01 1.154761904761904034e+01 1.221276595744681437e+01 1.098958333333333570e+01
1.600000000000000000e+01 1.204761904761905100e+01 1.274853801169590639e+01 1.277419354838709253e+01 1.247747747747747304e+01 1.369791666666666607e+01 1.216346153846154010e+01 1.451612903225806583e+01 1.383673469387754551e+01 1.285714285714286298e+01 1.226315789473684781e+01 1.175510204081632715e+01 1.146739130434782794e+01 1.158333333333333925e+01
1.500000000000000000e+01 1.161137440758293593e+01 1.139423076923076295e+01 1.172413793103449464e+01 1.231527093596059430e+01 1.254054054054053857e+01 1.333333333333333215e+01 1.312252964426877888e+01 1.303964757709250932e+01 1.240506329113923734e+01 1.229999999999999716e+01 1.185840707964602281e+01 1.113888888888888395e+01 1.008620689655172065e+01
1.400000000000000000e+01 1.021276595744680726e+01 1.142857142857143060e+01 1.127659574468085246e+01 1.142259414225941683e+01 1.239837398373984279e+01 1.281385281385281161e+01 1.349282296650717683e+01 1.322869955156950539e+01 1.253602305475505219e+01 1.157480314960629109e+01 1.130252100840335494e+01 1.039513677811550707e+01 1.044554455445544683e+01
1.300000000000000000e+01 1.076576576576576372e+01 1.139344262295082011e+01 1.113281250000000888e+01 1.311023622047244608e+01 1.166666666666666963e+01 1.116504854368931277e+01 1.275303643724695846e+01 1.195020746887966823e+01 1.263157894736840348e+01 1.120171673819742253e+01 1.111913357400721658e+01 1.216494845360824861e+01 9.962825278810406360e+00
1.200000000000000000e+01 1.091603053435114035e+01 1.090128755364806956e+01 1.060498220640568690e+01 1.076628352490422280e+01 1.138996138996138718e+01 1.200854700854700496e+01 1.368770764119602035e+01 1.292372881355930936e+01 1.334239130434782439e+01 1.258426966292135418e+01 1.146718146718147224e+01 1.101562500000000355e+01 9.509433962264145279e+00
1.100000000000000000e+01 1.145593869731800396e+01 1.130102040816326614e+01 1.293040293040293420e+01 1.256000000000000050e+01 1.421965317919075744e+01 1.291814946619216364e+01 1.443526170798898178e+01 1.490683229813665278e+01 1.273076923076923173e+01 1.287539936102236382e+01 1.166666666666667851e+01 1.055232558139534405e+01 1.039711191335740459e+01
1.000000000000000000e+01 1.264631043256997955e+01 1.177257525083611966e+01 1.195571955719557344e+01 1.276978417266187193e+01 1.326732673267325957e+01 1.279874213836477637e+01 1.367283950617283850e+01 1.366666666666667140e+01 1.361403508771929971e+01 1.310457516339868889e+01 1.260377358490566735e+01 1.124125874125874169e+01 1.052287581699346930e+01
9.000000000000000000e+00 1.327868852459016935e+01 1.340983606557377428e+01 1.245341614906832461e+01 1.267515923566878655e+01 1.359281437125748404e+01 1.315887850467290399e+01 1.478125000000000178e+01 1.521276595744681082e+01 1.421232876712328341e+01 1.327814569536423761e+01 1.243150684931506511e+01 1.212765957446808684e+01 1.163498098859315810e+01
8.000000000000000000e+00 1.314868804664723534e+01 1.202933985330073341e+01 1.379220779220779036e+01 1.389830508474575943e+01 1.321525885558583902e+01 1.354838709677419395e+01 1.512658227848100623e+01 1.451327433628317642e+01 1.385416666666666252e+01 1.314102564102563697e+01 1.311258278145695577e+01 1.246105919003115226e+01 1.152499999999998437e+01
7.000000000000000000e+00 1.329931972789115058e+01 1.391752577319587836e+01 1.387559808612440193e+01 1.402061855670103796e+01 1.602040816326530503e+01 1.547008547008547197e+01 1.548387096774192173e+01 1.645933014354066870e+01 1.414739884393063996e+01 1.404411764705882248e+01 1.462264150943396679e+01 1.166666666666665897e+01 1.160869565217391930e+01
6.000000000000000000e+00 1.336650082918739457e+01 1.276554087126774917e+01 1.365384615384615685e+01 1.307053941908713490e+01 1.541463414634146289e+01 1.444999999999998863e+01 1.433628318584070094e+01 1.536036036036036201e+01 1.351251840942561699e+01 1.362500000000000000e+01 1.305921052631578405e+01 1.320000000000000462e+01 1.083144796380090114e+01
5.000000000000000000e+00 1.089955022488755709e+01 9.929123711340196223e+00 1.079381443298967369e+01 1.114777114777115230e+01 1.092339261285909657e+01 1.193220338983051931e+01 1.195642701525055251e+01 1.250114942528737849e+01 1.171943497320993188e+01 1.114257327372079942e+01 1.123147675012775615e+01 9.468027941966681738e+00 9.177464788732404344e+00
4.000000000000000000e+00 8.929356357927787258e+00 8.441077441077462495e+00 8.866806136680613903e+00 8.458425312729946910e+00 8.632676709154122108e+00 8.846823324630113561e+00 9.594771241830038377e+00 1.015625000000001954e+01 9.547038327526108148e+00 9.007201646090519986e+00 9.110991379310346971e+00 8.211428571428566414e+00 7.555831265508682115e+00
3.000000000000000000e+00 6.611985269501173157e+00 6.428046989720991533e+00 6.270864946889224356e+00 6.159741831383623634e+00 6.115226337448564031e+00 7.161803713527857163e+00 7.649613899613909140e+00 8.702623906705550638e+00 7.033206314643446255e+00 7.211267605633795874e+00 6.670397313933959182e+00 6.117149758454104358e+00 6.213235294117638752e+00
2.000000000000000000e+00 4.925045703839119327e+00 4.813311688311697978e+00 4.699036918138047803e+00 4.458818456231139926e+00 4.431616341030204964e+00 4.345749761222541530e+00 5.002444987775058749e+00 6.128863279203772940e+00 5.518358531317493210e+00 5.156069364161849577e+00 4.817255841821443063e+00 4.679925419515236662e+00 4.302486187845308230e+00
1.000000000000000000e+00 3.814889336016099364e+00 3.433388157894736281e+00 3.009795191451459129e+00 2.692847124824681693e+00 2.462476547842398666e+00 2.390745501285345131e+00 2.621987066431509916e+00 3.769100169779288745e+00 3.088749126484978902e+00 3.098773402194963111e+00 2.994051553205544725e+00 2.798874824191277533e+00 2.479523454951604311e+00
0.000000000000000000e+00 1.916517055655297730e+00 1.553620531622362577e+00 1.536675951717733302e+00 1.434867776689519481e+00 1.443246019517206769e+00 1.217575436739014361e+00 1.174768518518519711e+00 1.359791802212102274e+00 1.330472103004293416e+00 1.231630510846748905e+00 1.056682995101470679e+00 9.177679882525702215e-01 8.899676375404537154e-01
