0.000000000000000000e+00 0.000000000000000000e+00 0.000000000000000000e+00 0.000000000000000000e+00 0.000000000000000000e+00 0.000000000000000000e+00 0.000000000000000000e+00 0.000000000000000000e+00 0.000000000000000000e+00 0.000000000000000000e+00 0.000000000000000000e+00 0.000000000000000000e+00 0.000000000000000000e+00 0.000000000000000000e+00
0.000000000000000000e+00 2.000000000000000000e+01 1.428571428571428648e+01 7.500000000000000000e+00 2.000000000000000000e+01 1.000000000000000000e+01 1.333333333333333393e+01 2.000000000000000000e+01 2.000000000000000000e+01 6.666666666666666963e+00 2.000000000000000000e+01 1.333333333333333393e+01 2.000000000000000000e+01 6.666666666666666963e+00
0.000000000000000000e+00 6.666666666666666075e+00 1.200000000000000000e+01 2.000000000000000000e+01 1.500000000000000000e+01 2.000000000000000000e+01 1.500000000000000000e+01 2.000000000000000000e+01 2.000000000000000000e+01 2.000000000000000000e+01 1.000000000000000000e+01 2.000000000000000000e+01 1.555555555555555536e+01 6.000000000000000000e+00
0.000000000000000000e+00 1.625000000000000000e+01 2.000000000000000000e+01 2.000000000000000000e+01 2.000000000000000000e+01 2.000000000000000000e+01 0.000000000000000000e+00 2.000000000000000000e+01 2.000000000000000000e+01 2.000000000000000000e+01 2.000000000000000000e+01 1.500000000000000000e+01 9.000000000000000000e+00 4.285714285714285587e+00
0.000000000000000000e+00 1.285714285714285765e+01 2.000000000000000000e+01 1.428571428571428648e+01 1.333333333333333393e+01 1.000000000000000000e+01 1.500000000000000000e+01 1.333333333333333393e+01 2.000000000000000000e+01 1.666666666666666785e+01 2.000000000000000000e+01 2.000000000000000000e+01 1.000000000000000000e+01 2.000000000000000000e+01
0.000000000000000000e+00 1.000000000000000000e+01 1.666666666666666785e+01 2.000000000000000000e+01 2.000000000000000000e+01 2.000000000000000000e+01 1.000000000000000000e+01 2.000000000000000000e+01 2.000000000000000000e+01 8.000000000000000000e+00 4.285714285714285587e+00 1.000000000000000000e+01 1.500000000000000000e+01 6.250000000000000000e+00
0.000000000000000000e+00 1.285714285714285587e+01 2.000000000000000000e+01 2.000000000000000000e+01 2.000000000000000000e+01 1.428571428571428648e+01 1.166666666666666607e+01 2.000000000000000000e+01 1.500000000000000000e+01 2.000000000000000000e+01 1.500000000000000000e+01 1.571428571428571352e+01 2.000000000000000000e+01 5.714285714285714413e+00
0.000000000000000000e+00 0.000000000000000000e+00 2.000000000000000000e+01 1.714285714285714235e+01 1.000000000000000000e+01 1.750000000000000000e+01 1.250000000000000000e+01 2.000000000000000000e+01 8.461538461538461675e+00 1.200000000000000000e+01 1.500000000000000000e+01 2.000000000000000000e+01 1.500000000000000000e+01 1.000000000000000000e+01
0.000000000000000000e+00 6.666666666666666963e+00 2.000000000000000000e+01 7.500000000000000000e+00 2.000000000000000000e+01 1.666666666666666785e+01 8.333333333333333925e+00 8.333333333333333925e+00 1.142857142857142883e+01 1.000000000000000000e+01 1.333333333333333393e+01 2.000000000000000000e+01 2.000000000000000000e+01 2.000000000000000000e+01
0.000000000000000000e+00 1.000000000000000000e+01 1.000000000000000000e+01 1.250000000000000000e+01 1.500000000000000000e+01 1.000000000000000000e+01 1.200000000000000000e+01 1.333333333333333393e+01 1.000000000000000000e+01 1.666666666666666785e+01 1.500000000000000000e+01 1.000000000000000000e+01 2.000000000000000000e+01 1.666666666666666785e+01
0.000000000000000000e+00 7.272727272727272485e+00 2.000000000000000000e+01 8.750000000000000000e+00 1.500000000000000000e+01 2.000000000000000000e+01 1.071428571428571352e+01 2.000000000000000000e+01 2.000000000000000000e+01 8.333333333333333925e+00 2.000000000000000000e+01 2.000000000000000000e+01 1.333333333333333393e+01 1.000000000000000000e+01
0.000000000000000000e+00 1.714285714285714235e+01 2.000000000000000000e+01 2.000000000000000000e+01 2.000000000000000000e+01 5.000000000000000000e+00 1.142857142857142883e+01 0.000000000000000000e+00 1.500000000000000000e+01 1.333333333333333393e+01 1.800000000000000000e+01 1.250000000000000000e+01 2.500000000000000000e+00 1.000000000000000000e+01
0.000000000000000000e+00 1.000000000000000000e+01 1.400000000000000000e+01 1.374999999999999822e+01 2.000000000000000000e+01 1.333333333333333215e+01 1.333333333333333393e+01 1.333333333333333393e+01 2.000000000000000000e+01 1.666666666666666785e+01 1.428571428571428648e+01 1.166666666666666607e+01 2.000000000000000000e+01 1.437499999999999822e+01
0.000000000000000000e+00 1.500000000000000000e+01 1.333333333333333393e+01 1.375000000000000000e+01 1.000000000000000000e+01 1.142857142857142883e+01 1.100000000000000000e+01 1.600000000000000000e+01 1.142857142857142883e+01 2.000000000000000000e+01 1.333333333333333393e+01 1.600000000000000000e+01 1.100000000000000000e+01 1.500000000000000000e+01
0.000000000000000000e+00 2.000000000000000000e+01 1.000000000000000000e+01 1.200000000000000000e+01 1.000000000000000000e+01 2.000000000000000000e+01 1.250000000000000000e+01 2.000000000000000000e+01 6.666666666666666963e+00 2.000000000000000000e+01 2.000000000000000000e+01 2.000000000000000000e+01 6.666666666666666963e+00 8.000000000000000000e+00
0.000000000000000000e+00 2.000000000000000000e+01 2.000000000000000000e+01 2.000000000000000000e+01 2.000000000000000000e+01 1.000000000000000000e+01 1.400000000000000000e+01 0.000000000000000000e+00 1.666666666666666785e+01 1.000000000000000000e+01 2.000000000000000000e+01 2.000000000000000000e+01 1.000000000000000000e+01 2.000000000000000000e+01
0.000000000000000000e+00 2.000000000000000000e+01 2.000000000000000000e+01 1.000000000000000000e+01 2.000000000000000000e+01 1.500000000000000000e+01 1.200000000000000000e+01 2.000000000000000000e+01 2.000000000000000000e+01 2.000000000000000000e+01 0.000000000000000000e+00 2.000000000000000000e+01 2.000000000000000000e+01 2.000000000000000000e+01
0.000000000000000000e+00 1.000000000000000000e+01 2.000000000000000000e+01 1.250000000000000000e+01 2.000000000000000000e+01 2.000000000000000000e+01 1.000000000000000000e+01 1.000000000000000000e+01 2.000000000000000000e+01 0.000000000000000000e+00 2.000000000000000000e+01 2.000000000000000000e+01 2.000000000000000000e+01 1.333333333333333393e+01
0.000000000000000000e+00 2.000000000000000000e+01 2.000000000000000000e+01 1.000000000000000000e+01 2.000000000000000000e+01 2.000000000000000000e+01 2.000000000000000000e+01 2.000000000000000000e+01 1.000000000000000000e+01 0.000000000000000000e+00 1.333333333333333393e+01 2.000000000000000000e+01 2.000000000000000000e+01 1.000000000000000000e+01
0.000000000000000000e+00 2.000000000000000000e+01 2.000000000000000000e+01 2.000000000000000000e+01 2.000000000000000000e+01 1.500000000000000000e+01 2.000000000000000000e+01 1.500000000000000000e+01 2.000000000000000000e+01 1.666666666666666785e+01 1.000000000000000000e+01 2.000000000000000000e+01 2.000000000000000000e+01 2.000000000000000000e+01
0.000000000000000000e+00 2.000000000000000000e+01 1.000000000000000000e+01 2.000000000000000000e+01 2.000000000000000000e+01 2.000000000000000000e+01 2.000000000000000000e+01 2.000000000000000000e+01 1.000000000000000000e+01 2.000000000000000000e+01 1.000000000000000000e+01 2.000000000000000000e+01 2.000000000000000000e+01 1.000000000000000000e+01
0.000000000000000000e+00 2.000000000000000000e+01 2.000000000000000000e+01 2.000000000000000000e+01 2.000000000000000000e+01 2.000000000000000000e+01 0.000000000000000000e+00 0.000000000000000000e+00 0.000000000000000000e+00 2.000000000000000000e+01 2.000000000000000000e+01 2.000000000000000000e+01 0.000000000000000000e+00 0.000000000000000000e+00
