0.000000000000000000e+00 0.000000000000000000e+00 0.000000000000000000e+00 0.000000000000000000e+00 0.000000000000000000e+00 0.000000000000000000e+00 0.000000000000000000e+00 0.000000000000000000e+00 0.000000000000000000e+00 0.000000000000000000e+00 0.000000000000000000e+00 0.000000000000000000e+00 0.000000000000000000e+00 0.000000000000000000e+00
0.000000000000000000e+00 9.780000000000000000e+02 1.291000000000000000e+03 1.241000000000000000e+03 1.312000000000000000e+03 1.230000000000000000e+03 1.300000000000000000e+03 1.236000000000000000e+03 1.263000000000000000e+03 1.236000000000000000e+03 1.234000000000000000e+03 1.232000000000000000e+03 1.242000000000000000e+03 1.304000000000000000e+03
0.000000000000000000e+00 1.284000000000000000e+03 1.009000000000000000e+03 1.318000000000000000e+03 1.379000000000000000e+03 1.288000000000000000e+03 1.373000000000000000e+03 1.346000000000000000e+03 1.326000000000000000e+03 1.377000000000000000e+03 1.349000000000000000e+03 1.332000000000000000e+03 1.260000000000000000e+03 1.357000000000000000e+03
0.000000000000000000e+00 1.384000000000000000e+03 1.421000000000000000e+03 1.176000000000000000e+03 1.467000000000000000e+03 1.460000000000000000e+03 1.446000000000000000e+03 1.467000000000000000e+03 1.504000000000000000e+03 1.447000000000000000e+03 1.445000000000000000e+03 1.404000000000000000e+03 1.455000000000000000e+03 1.448000000000000000e+03
0.000000000000000000e+00 1.519000000000000000e+03 1.525000000000000000e+03 1.515000000000000000e+03 1.267000000000000000e+03 1.598000000000000000e+03 1.624000000000000000e+03 1.524000000000000000e+03 1.567000000000000000e+03 1.461000000000000000e+03 1.469000000000000000e+03 1.478000000000000000e+03 1.517000000000000000e+03 1.510000000000000000e+03
0.000000000000000000e+00 1.638000000000000000e+03 1.615000000000000000e+03 1.619000000000000000e+03 1.654000000000000000e+03 1.390000000000000000e+03 1.648000000000000000e+03 1.648000000000000000e+03 1.694000000000000000e+03 1.647000000000000000e+03 1.700000000000000000e+03 1.661000000000000000e+03 1.612000000000000000e+03 1.628000000000000000e+03
0.000000000000000000e+00 1.706000000000000000e+03 1.726000000000000000e+03 1.728000000000000000e+03 1.738000000000000000e+03 1.675000000000000000e+03 1.480000000000000000e+03 1.854000000000000000e+03 1.770000000000000000e+03 1.754000000000000000e+03 1.761000000000000000e+03 1.713000000000000000e+03 1.793000000000000000e+03 1.846000000000000000e+03
0.000000000000000000e+00 1.893000000000000000e+03 1.908000000000000000e+03 1.873000000000000000e+03 1.885000000000000000e+03 1.991000000000000000e+03 1.889000000000000000e+03 1.603000000000000000e+03 1.973000000000000000e+03 2.016000000000000000e+03 1.926000000000000000e+03 1.932000000000000000e+03 1.832000000000000000e+03 1.841000000000000000e+03
0.000000000000000000e+00 1.963000000000000000e+03 1.948000000000000000e+03 2.051000000000000000e+03 2.012000000000000000e+03 2.004000000000000000e+03 1.938000000000000000e+03 2.081000000000000000e+03 1.741000000000000000e+03 2.153000000000000000e+03 2.103000000000000000e+03 2.014000000000000000e+03 2.011000000000000000e+03 2.040000000000000000e+03
0.000000000000000000e+00 2.229000000000000000e+03 2.137000000000000000e+03 2.169000000000000000e+03 2.173000000000000000e+03 2.184000000000000000e+03 2.276000000000000000e+03 2.205000000000000000e+03 2.164000000000000000e+03 1.983000000000000000e+03 2.172000000000000000e+03 2.288000000000000000e+03 2.219000000000000000e+03 2.197000000000000000e+03
0.000000000000000000e+00 2.256000000000000000e+03 2.395000000000000000e+03 2.289000000000000000e+03 2.413000000000000000e+03 2.249000000000000000e+03 2.347000000000000000e+03 2.339000000000000000e+03 2.274000000000000000e+03 2.230000000000000000e+03 2.028000000000000000e+03 2.341000000000000000e+03 2.300000000000000000e+03 2.303000000000000000e+03
0.000000000000000000e+00 2.562000000000000000e+03 2.505000000000000000e+03 2.490000000000000000e+03 2.474000000000000000e+03 2.458000000000000000e+03 2.589000000000000000e+03 2.388000000000000000e+03 2.392000000000000000e+03 2.490000000000000000e+03 2.453000000000000000e+03 2.176000000000000000e+03 2.441000000000000000e+03 2.437000000000000000e+03
0.000000000000000000e+00 7.350000000000000000e+02 6.410000000000000000e+02 1.434000000000000000e+03 5.960000000000000000e+02 5.950000000000000000e+02 8.580000000000000000e+02 6.810000000000000000e+02 8.730000000000000000e+02 6.590000000000000000e+02 5.100000000000000000e+02 7.670000000000000000e+02 3.920000000000000000e+02 1.543000000000000000e+03
0.000000000000000000e+00 7.320000000000000000e+02 6.580000000000000000e+02 7.410000000000000000e+02 6.680000000000000000e+02 5.670000000000000000e+02 5.460000000000000000e+02 4.820000000000000000e+02 4.930000000000000000e+02 4.840000000000000000e+02 4.830000000000000000e+02 4.700000000000000000e+02 4.340000000000000000e+02 3.830000000000000000e+02
0.000000000000000000e+00 3.310000000000000000e+02 3.330000000000000000e+02 3.000000000000000000e+02 2.550000000000000000e+02 2.050000000000000000e+02 2.590000000000000000e+02 2.310000000000000000e+02 2.050000000000000000e+02 2.010000000000000000e+02 2.060000000000000000e+02 2.140000000000000000e+02 1.930000000000000000e+02 1.860000000000000000e+02
0.000000000000000000e+00 2.820000000000000000e+02 3.290000000000000000e+02 2.770000000000000000e+02 2.340000000000000000e+02 2.350000000000000000e+02 2.460000000000000000e+02 2.020000000000000000e+02 2.000000000000000000e+02 1.810000000000000000e+02 1.810000000000000000e+02 1.880000000000000000e+02 1.480000000000000000e+02 1.710000000000000000e+02
0.000000000000000000e+00 3.230000000000000000e+02 2.680000000000000000e+02 2.650000000000000000e+02 2.380000000000000000e+02 2.340000000000000000e+02 2.140000000000000000e+02 1.550000000000000000e+02 1.820000000000000000e+02 1.780000000000000000e+02 1.720000000000000000e+02 1.540000000000000000e+02 1.730000000000000000e+02 1.470000000000000000e+02
0.000000000000000000e+00 2.560000000000000000e+02 2.480000000000000000e+02 2.560000000000000000e+02 2.450000000000000000e+02 2.170000000000000000e+02 2.160000000000000000e+02 2.040000000000000000e+02 1.600000000000000000e+02 1.580000000000000000e+02 1.680000000000000000e+02 1.510000000000000000e+02 1.550000000000000000e+02 1.560000000000000000e+02
0.000000000000000000e+00 2.540000000000000000e+02 2.050000000000000000e+02 2.270000000000000000e+02 2.100000000000000000e+02 1.700000000000000000e+02 1.940000000000000000e+02 1.560000000000000000e+02 1.880000000000000000e+02 1.440000000000000000e+02 1.490000000000000000e+02 1.400000000000000000e+02 1.340000000000000000e+02 1.290000000000000000e+02
0.000000000000000000e+00 2.160000000000000000e+02 2.190000000000000000e+02 2.010000000000000000e+02 1.930000000000000000e+02 1.740000000000000000e+02 1.710000000000000000e+02 1.530000000000000000e+02 1.370000000000000000e+02 1.500000000000000000e+02 1.040000000000000000e+02 1.330000000000000000e+02 1.140000000000000000e+02 1.110000000000000000e+02
0.000000000000000000e+00 1.690000000000000000e+02 1.920000000000000000e+02 1.940000000000000000e+02 1.640000000000000000e+02 1.360000000000000000e+02 1.530000000000000000e+02 1.330000000000000000e+02 1.170000000000000000e+02 1.070000000000000000e+02 1.110000000000000000e+02 1.070000000000000000e+02 1.010000000000000000e+02 1.120000000000000000e+02
0.000000000000000000e+00 1.610000000000000000e+02 1.410000000000000000e+02 1.790000000000000000e+02 1.530000000000000000e+02 1.210000000000000000e+02 1.400000000000000000e+02 1.360000000000000000e+02 9.400000000000000000e+01 1.000000000000000000e+02 9.000000000000000000e+01 9.300000000000000000e+01 6.400000000000000000e+01 1.080000000000000000e+02
