0.000000000000000000e+00 0.000000000000000000e+00 0.000000000000000000e+00 0.000000000000000000e+00 0.000000000000000000e+00 0.000000000000000000e+00 0.000000000000000000e+00 0.000000000000000000e+00 0.000000000000000000e+00 0.000000000000000000e+00 0.000000000000000000e+00 0.000000000000000000e+00 0.000000000000000000e+00 0.000000000000000000e+00
0.000000000000000000e+00 1.225000000000000000e+01 1.257534246575342607e+01 1.298507462686566960e+01 1.306250000000000000e+01 1.329687499999999822e+01 1.270238095238095433e+01 1.251666666666667105e+01 1.370666666666667055e+01 1.285135135135134909e+01 1.235384615384615614e+01 1.278333333333333321e+01 1.242622950819671956e+01 1.343283582089552297e+01
0.000000000000000000e+00 1.163888888888889106e+01 1.158730158730158166e+01 1.185507246376811530e+01 1.161643835616438380e+01 1.195081967213114815e+01 1.163380281690141338e+01 1.104918032786885185e+01 1.209459459459459296e+01 1.245333333333332959e+01 1.221052631578947256e+01 1.249315068493150704e+01 1.190769230769230447e+01 1.155999999999999694e+01
0.000000000000000000e+00 1.027272727272727870e+01 1.051388888888888751e+01 1.041379310344827402e+01 1.035294117647059231e+01 9.904109589041093287e+00 1.006666666666667176e+01 1.038095238095238315e+01 1.031645569620253333e+01 1.077272727272727337e+01 1.090476190476190155e+01 1.013432835820895761e+01 9.847058823529410532e+00 1.094736842105263364e+01
0.000000000000000000e+00 9.987654320987653378e+00 9.467532467532468132e+00 1.019999999999999929e+01 1.051724137931034697e+01 9.784090909090908283e+00 1.009195402298850652e+01 1.038461538461538503e+01 8.739726027397262342e+00 9.281250000000001776e+00 9.636363636363636687e+00 9.843373493975906996e+00 9.746031746031750487e+00 9.540540540540535019e+00
0.000000000000000000e+00 8.381443298969067257e+00 8.709677419354839856e+00 8.975308641975304980e+00 9.195876288659796671e+00 9.928571428571428825e+00 9.274999999999998579e+00 9.825581395348841340e+00 8.695652173913039462e+00 9.714285714285715301e+00 8.901234567901232353e+00 8.896551724137928829e+00 9.036585365853659013e+00 9.241379310344825626e+00
0.000000000000000000e+00 7.876923076923078249e+00 8.253012048192774230e+00 8.011363636363636687e+00 7.780952380952380842e+00 7.569620253164556445e+00 6.907894736842106198e+00 8.273684210526317528e+00 7.409090909090910060e+00 8.246753246753250721e+00 8.333333333333335702e+00 8.161290322580644130e+00 8.179487179487177073e+00 7.888888888888891060e+00
0.000000000000000000e+00 6.548672566371681825e+00 6.390804597701150946e+00 6.845360824742271255e+00 6.448275862068963526e+00 7.615384615384614087e+00 6.564356435643566634e+00 7.205479452054794010e+00 7.575471698113206642e+00 7.009090909090908816e+00 7.494845360824740510e+00 7.058823529411764497e+00 6.921348314606741603e+00 7.658823529411765918e+00
0.000000000000000000e+00 5.650602409638555201e+00 5.891666666666668384e+00 6.684210526315792045e+00 5.940476190476191576e+00 4.934782608695652328e+00 6.149122807017543657e+00 6.484210526315789203e+00 6.461538461538459899e+00 5.301886792452829233e+00 5.866071428571428825e+00 6.541666666666666963e+00 6.018691588785047841e+00 6.194444444444441977e+00
0.000000000000000000e+00 6.772357723577236754e+00 7.349514563106794185e+00 6.014388489208633004e+00 7.557251908396942497e+00 6.659999999999999254e+00 6.552631578947368141e+00 6.282051282051281049e+00 7.045454545454548523e+00 6.927272727272725028e+00 7.556521739130436899e+00 6.740157480314957539e+00 8.231578947368419108e+00 6.758333333333335524e+00
0.000000000000000000e+00 7.022471910112358273e+00 8.485714285714291094e+00 7.654867256637168715e+00 7.237704918032789259e+00 8.169642857142855874e+00 7.882882882882882747e+00 7.120300751879701018e+00 7.307692307692308376e+00 7.826086956521737470e+00 7.734375000000000888e+00 7.307692307692308376e+00 6.596638655462184531e+00 8.008620689655172598e+00
0.000000000000000000e+00 8.181159420289853657e+00 1.050000000000000355e+01 7.862385321100919811e+00 8.999999999999994671e+00 8.853846153846147260e+00 8.751677852348986875e+00 7.449999999999997513e+00 9.038461538461540101e+00 7.602941176470586981e+00 8.461538461538463451e+00 8.312500000000003553e+00 8.283582089552234962e+00 7.008403361344537785e+00
0.000000000000000000e+00 1.209090909090908994e+01 9.950819672131149929e+00 9.568181818181818343e+00 9.226415094339621703e+00 9.368421052631578760e+00 8.744680851063833416e+00 8.558823529411762721e+00 9.076923076923078426e+00 8.065789473684205291e+00 9.303370786516850899e+00 7.931818181818183433e+00 1.055999999999999872e+01 9.031914893617020823e+00
0.000000000000000000e+00 9.234042553191491365e+00 9.428571428571428825e+00 8.396825396825398968e+00 1.185294117647058698e+01 9.999999999999998224e+00 8.435897435897441454e+00 1.287500000000000000e+01 1.504545454545454675e+01 1.095833333333333393e+01 8.628571428571428115e+00 1.189285714285714235e+01 1.300000000000000000e+01 9.290322580645160144e+00
0.000000000000000000e+00 1.007894736842105310e+01 9.478260869565216851e+00 1.225000000000000000e+01 1.013333333333333464e+01 1.254545454545454675e+01 1.100000000000000000e+01 1.206250000000000000e+01 1.069999999999999929e+01 1.250000000000000000e+01 1.430769230769230660e+01 1.100000000000000000e+01 9.272727272727271597e+00 1.285714285714285587e+01
0.000000000000000000e+00 1.223529411764705976e+01 1.088235294117647101e+01 1.600000000000000000e+01 1.773913043478261287e+01 1.436363636363636687e+01 1.326666666666666750e+01 1.341666666666666785e+01 1.209999999999999964e+01 1.008333333333333393e+01 1.176923076923077005e+01 1.871428571428571530e+01 1.766666666666666785e+01 1.233333333333333393e+01
0.000000000000000000e+00 1.395454545454545681e+01 1.094736842105263186e+01 1.161111111111111249e+01 1.050000000000000000e+01 1.508333333333333215e+01 1.031250000000000000e+01 1.625000000000000000e+01 1.063636363636363669e+01 1.484615384615384670e+01 1.458333333333333393e+01 1.187500000000000178e+01 1.557142857142857117e+01 1.158333333333333215e+01
0.000000000000000000e+00 1.890000000000000213e+01 1.218750000000000000e+01 1.646153846153845990e+01 1.745454545454545681e+01 9.400000000000000355e+00 1.714999999999999858e+01 2.100000000000000000e+01 1.737500000000000355e+01 1.560000000000000142e+01 1.492307692307692335e+01 1.333333333333333393e+01 1.575000000000000355e+01 1.066666666666666607e+01
0.000000000000000000e+00 1.850000000000000000e+01 1.778947368421052744e+01 1.638461538461538325e+01 2.100000000000000000e+01 1.653846153846153655e+01 2.100000000000000000e+01 1.587500000000000178e+01 1.800000000000000000e+01 1.938461538461538680e+01 1.900000000000000000e+01 1.750000000000000000e+01 1.719999999999999929e+01 1.563636363636363669e+01
0.000000000000000000e+00 1.712499999999999645e+01 1.950000000000000355e+01 1.587500000000000178e+01 1.925000000000000355e+01 1.900000000000000000e+01 1.700000000000000000e+01 1.900000000000000000e+01 2.100000000000000000e+01 2.100000000000000000e+01 1.918181818181818343e+01 2.100000000000000000e+01 2.100000000000000000e+01 1.214285714285714413e+01
0.000000000000000000e+00 2.100000000000000000e+01 2.100000000000000000e+01 1.938461538461538325e+01 1.925000000000000355e+01 2.100000000000000000e+01 1.909090909090908994e+01 2.100000000000000000e+01 1.400000000000000000e+01 2.100000000000000000e+01 1.750000000000000000e+01 2.100000000000000000e+01 2.100000000000000000e+01 1.750000000000000000e+01
0.000000000000000000e+00 2.100000000000000000e+01 2.100000000000000000e+01 2.100000000000000000e+01 2.100000000000000000e+01 2.100000000000000000e+01 2.100000000000000000e+01 2.100000000000000000e+01 2.100000000000000000e+01 2.100000000000000000e+01 2.100000000000000000e+01 2.100000000000000000e+01 2.100000000000000000e+01 2.100000000000000000e+01
