0.000000000000000000e+00 0.000000000000000000e+00 0.000000000000000000e+00 0.000000000000000000e+00 0.000000000000000000e+00 0.000000000000000000e+00 0.000000000000000000e+00 0.000000000000000000e+00 0.000000000000000000e+00 0.000000000000000000e+00 0.000000000000000000e+00 0.000000000000000000e+00 0.000000000000000000e+00 0.000000000000000000e+00
0.000000000000000000e+00 1.267893660531697719e+01 1.272269558481795748e+01 1.273408541498792879e+01 1.277439024390244704e+01 1.273902439024391953e+01 1.284307692307694282e+01 1.284627831715210355e+01 1.283927157561362087e+01 1.294093851132684314e+01 1.285818476499191654e+01 1.301704545454545681e+01 1.301851851851851194e+01 1.302453987730062579e+01
0.000000000000000000e+00 1.179049844236760514e+01 1.178592666005947898e+01 1.191274658573595069e+01 1.190427846265407297e+01 1.187422360248445230e+01 1.162927895120174071e+01 1.187518573551261269e+01 1.185369532428354766e+01 1.199854756717500770e+01 1.204077094143811522e+01 1.194669669669670675e+01 1.207301587301587631e+01 1.197641857037580593e+01
0.000000000000000000e+00 1.060115606936417265e+01 1.071780436312456075e+01 1.083588435374149306e+01 1.076618950238581363e+01 1.095753424657531205e+01 1.090594744121716175e+01 1.082140422631221099e+01 1.095345744680851574e+01 1.094056668970285351e+01 1.095778546712804413e+01 1.104202279202281289e+01 1.089209621993128607e+01 1.100276243093924222e+01
0.000000000000000000e+00 9.681369321922311144e+00 9.719344262295079417e+00 9.765016501650158887e+00 9.902920284135756646e+00 9.883604505632042958e+00 1.001477832512314592e+01 9.906824146981621837e+00 9.816847479259756426e+00 9.889801505817946037e+00 1.005990469707283452e+01 1.009201623815968851e+01 1.004746209624257069e+01 9.970198675496678931e+00
0.000000000000000000e+00 8.739926739926742627e+00 8.783281733746127529e+00 8.954292773316865350e+00 8.796251511487302110e+00 8.852517985611520146e+00 8.796116504854367690e+00 9.125606796116516151e+00 8.903778040141672179e+00 9.017607771706115827e+00 8.927647058823554360e+00 8.985550872968090630e+00 8.887717121588099900e+00 9.035012285012280486e+00
0.000000000000000000e+00 7.745603751465413467e+00 7.733487833140205048e+00 7.701388888888894613e+00 7.847525891829691069e+00 7.959999999999993747e+00 7.793243243243246354e+00 8.005393743257814165e+00 7.818079096045199350e+00 8.050171037628263804e+00 8.134582623509370336e+00 7.974897840046686781e+00 8.105967651979920419e+00 8.111592632719405671e+00
0.000000000000000000e+00 6.863708399366080570e+00 6.769916142557656613e+00 6.812066203950871923e+00 6.868965517241380603e+00 6.963335007533897780e+00 6.946003176283750413e+00 6.954460386774806047e+00 6.896604156107444261e+00 6.953373015873020258e+00 7.020249221183809674e+00 7.006728778467901542e+00 7.004366812227084793e+00 7.073329712112988332e+00
0.000000000000000000e+00 5.866530820173206706e+00 5.914271047227926736e+00 5.972208678693311512e+00 5.954274353876736647e+00 5.949600798403200663e+00 5.873065015479879136e+00 5.785679961556947859e+00 5.967260195290065461e+00 6.082675336739427507e+00 6.009510223490257985e+00 6.040218470705065457e+00 6.072600696171062573e+00 6.134313725490194713e+00
0.000000000000000000e+00 6.595782862270083591e+00 6.872718764623311216e+00 6.708621484555101766e+00 6.837551771744132978e+00 6.732142857142862979e+00 6.438488576449918455e+00 6.594557823129254537e+00 6.692236598890946020e+00 6.787695410993453748e+00 6.856353591160218919e+00 6.962849650349653530e+00 6.849031095087882548e+00 6.244879380974054150e+00
0.000000000000000000e+00 7.589982269503559920e+00 7.359081419624224907e+00 7.705985146352117177e+00 7.309573145462074706e+00 7.457981325033354203e+00 7.884107371112052398e+00 7.630183839247551170e+00 7.446350043975376920e+00 7.506726457399104824e+00 7.985700197238644549e+00 7.728321230243492046e+00 7.096521739130422723e+00 7.360399478940513163e+00
0.000000000000000000e+00 8.256440281030450024e+00 8.310578842315365478e+00 8.266265060240984397e+00 8.369846402586896161e+00 8.595199349064277072e+00 8.406720741599070124e+00 8.199748743718579647e+00 8.267976588628789258e+00 8.214056224899596970e+00 8.591928251121084159e+00 7.706801470588230174e+00 8.061040557148709595e+00 8.062782109150594678e+00
0.000000000000000000e+00 1.003809523809524151e+01 9.134165366614643844e+00 9.030683403068341164e+00 9.726510067114089608e+00 9.156302521008397477e+00 9.235431235431239116e+00 8.969162995594707866e+00 9.081328751431851032e+00 9.546282245827011792e+00 9.464705882352946631e+00 9.271186440677961826e+00 9.607142857142857650e+00 8.803629293583908222e+00
0.000000000000000000e+00 1.062021857923498303e+01 1.061094224924011620e+01 1.085425101214574894e+01 1.031437125748503369e+01 1.033333333333333215e+01 1.010256410256411463e+01 1.079253112033195272e+01 1.077079107505070965e+01 1.017768595041322044e+01 9.438923395445144138e+00 9.934042553191492431e+00 9.843317972350227762e+00 1.000261096605744626e+01
0.000000000000000000e+00 1.150151057401813404e+01 1.266066066066066220e+01 1.190333333333333599e+01 1.067058823529411882e+01 1.302439024390244171e+01 1.050579150579151033e+01 1.186147186147186261e+01 1.106829268292682755e+01 1.175124378109452294e+01 1.091747572815533651e+01 1.123831775700935154e+01 1.142487046632124148e+01 1.193548387096774022e+01
0.000000000000000000e+00 1.310283687943262265e+01 1.293617021276596013e+01 1.278700361010830022e+01 1.315384615384615152e+01 1.273191489361703077e+01 1.281300813008129147e+01 1.292079207920791539e+01 1.304000000000000981e+01 1.200552486187845247e+01 1.160773480662983026e+01 1.256382978723404165e+01 1.170270270270270530e+01 1.265497076023391898e+01
0.000000000000000000e+00 1.314860681114550367e+01 1.326865671641790811e+01 1.330188679245283012e+01 1.393277310924368884e+01 1.470940170940170688e+01 1.370093457943924165e+01 1.343225806451613202e+01 1.347802197802197455e+01 1.473595505617977253e+01 1.355813953488372370e+01 1.314935064935064624e+01 1.438150289017341166e+01 1.424489795918367641e+01
0.000000000000000000e+00 1.593749999999998757e+01 1.475806451612902848e+01 1.482812500000000178e+01 1.581224489795918409e+01 1.495852534562211922e+01 1.521759259259259522e+01 1.526470588235294024e+01 1.415000000000000568e+01 1.385443037974683378e+01 1.510119047619047983e+01 1.491390728476821259e+01 1.422580645161290747e+01 1.610897435897435415e+01
0.000000000000000000e+00 1.624015748031495221e+01 1.732682926829268766e+01 1.755947136563876398e+01 1.633333333333332860e+01 1.631176470588235006e+01 1.665979381443298735e+01 1.737179487179487580e+01 1.616489361702127425e+01 1.614583333333332860e+01 1.593959731543624692e+01 1.593571428571428861e+01 1.623134328358210254e+01 1.652713178294573027e+01
0.000000000000000000e+00 1.812962962962964752e+01 1.809132420091322047e+01 1.793034825870646287e+01 1.761139896373056501e+01 1.782183908045978171e+01 1.777777777777777857e+01 1.805228758169933911e+01 1.723357664233577324e+01 1.853999999999998138e+01 1.862499999999999289e+01 1.806766917293233377e+01 1.686842105263157876e+01 1.678378378378379665e+01
0.000000000000000000e+00 1.975739644970414588e+01 1.924999999999999289e+01 1.905154639175256293e+01 1.946341463414634276e+01 1.883823529411765207e+01 1.949019607843136725e+01 1.942105263157894157e+01 1.848717948717947834e+01 1.982242990654204462e+01 1.948648648648648418e+01 1.923364485981308292e+01 1.975247524752475314e+01 1.987500000000000355e+01
0.000000000000000000e+00 2.100000000000000000e+01 2.100000000000000000e+01 2.100000000000000000e+01 2.100000000000000000e+01 2.100000000000000000e+01 2.100000000000000000e+01 2.100000000000000000e+01 2.100000000000000000e+01 2.100000000000000000e+01 2.100000000000000000e+01 2.100000000000000000e+01 2.100000000000000000e+01 2.100000000000000000e+01
