2.100000000000000000e+01 2.100000000000000000e+01 2.100000000000000000e+01 2.100000000000000000e+01 2.100000000000000000e+01 2.100000000000000000e+01 2.100000000000000000e+01 2.100000000000000000e+01 2.100000000000000000e+01 2.100000000000000000e+01 2.100000000000000000e+01 2.100000000000000000e+01 2.100000000000000000e+01 2.100000000000000000e+01
2.000000000000000000e+01 1.157894736842105310e+01 1.727272727272727337e+01 8.666666666666669627e+00 1.518518518518518690e+01 1.277777777777777857e+01 1.181818181818181834e+01 1.529411764705882781e+01 1.507936507936507198e+01 1.342857142857142883e+01 1.540540540540540349e+01 1.769230769230769340e+01 1.283185840707964687e+01 1.375000000000000000e+01
1.900000000000000000e+01 1.307692307692307665e+01 1.525641025641025195e+01 1.653846153846153655e+01 1.343283582089551942e+01 1.593750000000000000e+01 1.443037974683544178e+01 1.360902255639098080e+01 1.636363636363635976e+01 1.404761904761904745e+01 1.312500000000000000e+01 1.294117647058823550e+01 1.400000000000000000e+01 1.400000000000000000e+01
1.800000000000000000e+01 1.615384615384615330e+01 1.472222222222222143e+01 1.442953020134228659e+01 1.459999999999999787e+01 1.335365853658536217e+01 1.285714285714285587e+01 1.560747663551402376e+01 1.503759398496240429e+01 1.508771929824561830e+01 1.477611940298507420e+01 1.500000000000000000e+01 1.159999999999999964e+01 1.181818181818181834e+01
1.700000000000000000e+01 1.437500000000000178e+01 1.725000000000000000e+01 1.666666666666666785e+01 1.200000000000000000e+01 1.000000000000000000e+01 1.125000000000000000e+01 2.000000000000000000e+01 1.900000000000000000e+01 1.774999999999999645e+01 1.666666666666666785e+01 1.476190476190476275e+01 1.156249999999999822e+01 1.391304347826086918e+01
1.600000000000000000e+01 1.428571428571428648e+01 1.440677966101696228e+01 1.346938775510203534e+01 1.536585365853658836e+01 1.466666666666666252e+01 1.666666666666666785e+01 1.866666666666666430e+01 1.700000000000000000e+01 2.000000000000000000e+01 1.124999999999999822e+01 1.263157894736841946e+01 1.333333333333333393e+01 1.035714285714285943e+01
1.500000000000000000e+01 1.500000000000000000e+01 1.258064516129032384e+01 1.134615384615384670e+01 1.607142857142857295e+01 1.625000000000000000e+01 1.285714285714285587e+01 1.548387096774193949e+01 1.358974358974358765e+01 1.447368421052631327e+01 1.111111111111111072e+01 1.304347826086956808e+01 1.245161290322580250e+01 1.100000000000000000e+01
1.400000000000000000e+01 1.375000000000000000e+01 1.441860465116279322e+01 1.125000000000000000e+01 1.125000000000000000e+01 1.571428571428571352e+01 1.264705882352941302e+01 1.428571428571428470e+01 1.166666666666666785e+01 1.307692307692308553e+01 1.538461538461538503e+01 1.236363636363636331e+01 1.099236641221373922e+01 1.500000000000000000e+01
1.300000000000000000e+01 1.307692307692307665e+01 1.461538461538461320e+01 1.000000000000000000e+01 1.574468085106382453e+01 1.100000000000000000e+01 1.277777777777778034e+01 1.090909090909091006e+01 1.142857142857142883e+01 1.242857142857143415e+01 9.375000000000000000e+00 1.400000000000000178e+01 1.323076923076922817e+01 1.368421052631578583e+01
1.200000000000000000e+01 1.357142857142857295e+01 1.222222222222222143e+01 1.239999999999999680e+01 1.000000000000000000e+01 1.371428571428571175e+01 1.374999999999999822e+01 1.700000000000000000e+01 1.294117647058823373e+01 1.382352941176470473e+01 1.181818181818181657e+01 1.299999999999999822e+01 1.380952380952381198e+01 1.066666666666666963e+01
1.100000000000000000e+01 1.600000000000000000e+01 1.193798449612402557e+01 1.318181818181818166e+01 1.260869565217391397e+01 1.666666666666667851e+01 1.391304347826086918e+01 1.492957746478872494e+01 1.645833333333333570e+01 1.260869565217391397e+01 1.198113207547170234e+01 1.333333333333333215e+01 1.099099099099099419e+01 1.069767441860465595e+01
1.000000000000000000e+01 1.445945945945945610e+01 1.575757575757575779e+01 1.545454545454545503e+01 1.714285714285713880e+01 1.388888888888888751e+01 1.176470588235294024e+01 1.333333333333333570e+01 1.535714285714285587e+01 1.578947368421052744e+01 1.727272727272727693e+01 1.290322580645161388e+01 1.121951219512194875e+01 1.666666666666666785e+01
9.000000000000000000e+00 1.453333333333333321e+01 1.499999999999999822e+01 1.187499999999999822e+01 1.539682539682539364e+01 1.575757575757575601e+01 1.059171597633136130e+01 1.692307692307691980e+01 1.560975609756097882e+01 1.534883720930232442e+01 1.636363636363636331e+01 1.277777777777777857e+01 1.379310344827586121e+01 1.785714285714285765e+01
8.000000000000000000e+00 1.548387096774192884e+01 1.382022471910112138e+01 1.333333333333333570e+01 1.296296296296296369e+01 1.380952380952381020e+01 1.200000000000000000e+01 2.000000000000000000e+01 1.411764705882353077e+01 1.428571428571429003e+01 1.473684210526315752e+01 1.500000000000000000e+01 1.351351351351351404e+01 1.089999999999999680e+01
7.000000000000000000e+00 1.374999999999999467e+01 1.625000000000000000e+01 1.625000000000000000e+01 1.052631578947368496e+01 1.818181818181817988e+01 1.416666666666666607e+01 1.557894736842105132e+01 1.578947368421052744e+01 1.306666666666666821e+01 1.253521126760563043e+01 1.684210526315789380e+01 1.200000000000000000e+01 1.600000000000000000e+01
6.000000000000000000e+00 1.282442748091602702e+01 1.358490566037735015e+01 1.518518518518518157e+01 1.257142857142857117e+01 1.450000000000000000e+01 1.444444444444444464e+01 1.479999999999999893e+01 1.600000000000000000e+01 1.255813953488371837e+01 1.546875000000000000e+01 1.229729729729730003e+01 1.307692307692307665e+01 9.615384615384620304e+00
5.000000000000000000e+00 1.105633802816901046e+01 1.076923076923076650e+01 8.000000000000003553e+00 1.215277777777777501e+01 1.375000000000000000e+01 1.769230769230768985e+01 1.362318840579709978e+01 1.075000000000000000e+01 1.133333333333333037e+01 1.119047619047619158e+01 1.026315789473684603e+01 1.107142857142856585e+01 6.811594202898549000e+00
4.000000000000000000e+00 1.140186915887851171e+01 1.085714285714286120e+01 8.439716312056734893e+00 8.583333333333333925e+00 8.771929824561398803e+00 1.038461538461538503e+01 8.271604938271604368e+00 8.073394495412845373e+00 1.014705882352941657e+01 7.761194029850746468e+00 8.518518518518524374e+00 9.347826086956519731e+00 8.913043478260872732e+00
3.000000000000000000e+00 6.518518518518517268e+00 6.455696202531647110e+00 6.666666666666668739e+00 5.641025641025642301e+00 5.289256198347108473e+00 7.795275590551181466e+00 9.888888888888889284e+00 9.270833333333328596e+00 6.190476190476191576e+00 7.763157894736842479e+00 6.769230769230769162e+00 6.981132075471697895e+00 6.666666666666666963e+00
2.000000000000000000e+00 4.081632653061223692e+00 4.516129032258064058e+00 4.666666666666666963e+00 3.614457831325302628e+00 5.157894736842103534e+00 4.173913043478263418e+00 6.419753086419753174e+00 4.871794871794874027e+00 4.318181818181819231e+00 3.000000000000000444e+00 4.266666666666665719e+00 5.818181818181818343e+00 5.438596491228070207e+00
1.000000000000000000e+00 4.358974358974360364e+00 3.388429752066115963e+00 2.959183673469386822e+00 2.962962962962962798e+00 1.637931034482759785e+00 1.808510638297871953e+00 3.000000000000000000e+00 3.661971830985915055e+00 3.000000000000000444e+00 3.829787234042553390e+00 2.727272727272727071e+00 3.658536585365853799e+00 1.639344262295081567e+00
0.000000000000000000e+00 3.797468354430380444e+00 1.372549019607843146e+00 2.448979591836736081e+00 1.249999999999999556e+00 1.222222222222221877e+00 3.703703703703704608e-01 7.547169811320755262e-01 2.786885245901639330e+00 2.702702702702702853e-01 1.304347826086956541e+00 1.875000000000000000e+00 1.304347826086956541e+00 5.172413793103450841e-01
