0.000000000000000000e+00 0.000000000000000000e+00 0.000000000000000000e+00 0.000000000000000000e+00 0.000000000000000000e+00 0.000000000000000000e+00 0.000000000000000000e+00 0.000000000000000000e+00 0.000000000000000000e+00 0.000000000000000000e+00 0.000000000000000000e+00 0.000000000000000000e+00 0.000000000000000000e+00 0.000000000000000000e+00
0.000000000000000000e+00 1.359000000000000000e+03 1.809000000000000000e+03 1.880000000000000000e+03 1.925000000000000000e+03 1.839000000000000000e+03 1.805000000000000000e+03 1.866000000000000000e+03 1.866000000000000000e+03 1.953000000000000000e+03 1.887000000000000000e+03 1.852000000000000000e+03 1.748000000000000000e+03 1.866000000000000000e+03
0.000000000000000000e+00 1.864000000000000000e+03 1.463000000000000000e+03 2.002000000000000000e+03 1.969000000000000000e+03 1.902000000000000000e+03 1.928000000000000000e+03 1.936000000000000000e+03 1.973000000000000000e+03 1.793000000000000000e+03 1.878000000000000000e+03 1.844000000000000000e+03 1.955000000000000000e+03 1.909000000000000000e+03
0.000000000000000000e+00 2.151000000000000000e+03 2.135000000000000000e+03 1.570000000000000000e+03 2.113000000000000000e+03 2.075000000000000000e+03 2.081000000000000000e+03 2.097000000000000000e+03 1.957000000000000000e+03 2.122000000000000000e+03 2.066000000000000000e+03 2.106000000000000000e+03 2.180000000000000000e+03 2.115000000000000000e+03
0.000000000000000000e+00 2.223000000000000000e+03 2.211000000000000000e+03 2.219000000000000000e+03 1.869000000000000000e+03 2.333000000000000000e+03 2.243000000000000000e+03 2.266000000000000000e+03 2.252000000000000000e+03 2.292000000000000000e+03 2.245000000000000000e+03 2.241000000000000000e+03 2.235000000000000000e+03 2.276000000000000000e+03
0.000000000000000000e+00 2.379000000000000000e+03 2.336000000000000000e+03 2.391000000000000000e+03 2.451000000000000000e+03 2.044000000000000000e+03 2.447000000000000000e+03 2.486000000000000000e+03 2.403000000000000000e+03 2.544000000000000000e+03 2.528000000000000000e+03 2.431000000000000000e+03 2.419000000000000000e+03 2.408000000000000000e+03
0.000000000000000000e+00 2.493000000000000000e+03 2.547000000000000000e+03 2.535000000000000000e+03 2.500000000000000000e+03 2.563000000000000000e+03 2.105000000000000000e+03 2.663000000000000000e+03 2.605000000000000000e+03 2.656000000000000000e+03 2.660000000000000000e+03 2.666000000000000000e+03 2.458000000000000000e+03 2.591000000000000000e+03
0.000000000000000000e+00 2.695000000000000000e+03 2.826000000000000000e+03 2.756000000000000000e+03 2.784000000000000000e+03 2.795000000000000000e+03 2.745000000000000000e+03 2.309000000000000000e+03 2.816000000000000000e+03 2.734000000000000000e+03 2.737000000000000000e+03 2.753000000000000000e+03 2.682000000000000000e+03 2.799000000000000000e+03
0.000000000000000000e+00 2.932000000000000000e+03 2.947000000000000000e+03 2.949000000000000000e+03 3.022000000000000000e+03 2.960000000000000000e+03 2.907000000000000000e+03 3.037000000000000000e+03 2.487000000000000000e+03 2.859000000000000000e+03 2.975000000000000000e+03 2.893000000000000000e+03 2.866000000000000000e+03 3.013000000000000000e+03
0.000000000000000000e+00 3.263000000000000000e+03 3.202000000000000000e+03 3.238000000000000000e+03 3.221000000000000000e+03 3.198000000000000000e+03 3.113000000000000000e+03 3.104000000000000000e+03 3.146000000000000000e+03 2.673000000000000000e+03 3.187000000000000000e+03 3.183000000000000000e+03 3.185000000000000000e+03 3.172000000000000000e+03
0.000000000000000000e+00 3.381000000000000000e+03 3.399000000000000000e+03 3.429000000000000000e+03 3.437000000000000000e+03 3.450000000000000000e+03 3.340000000000000000e+03 3.321000000000000000e+03 3.309000000000000000e+03 3.369000000000000000e+03 3.002000000000000000e+03 3.445000000000000000e+03 3.398000000000000000e+03 3.400000000000000000e+03
0.000000000000000000e+00 3.646000000000000000e+03 3.714000000000000000e+03 3.591000000000000000e+03 3.613000000000000000e+03 3.635000000000000000e+03 3.682000000000000000e+03 3.660000000000000000e+03 3.605000000000000000e+03 3.607000000000000000e+03 3.716000000000000000e+03 3.202000000000000000e+03 3.519000000000000000e+03 3.730000000000000000e+03
0.000000000000000000e+00 3.904000000000000000e+03 3.860000000000000000e+03 4.057000000000000000e+03 3.940000000000000000e+03 3.919000000000000000e+03 3.752000000000000000e+03 4.003000000000000000e+03 3.898000000000000000e+03 3.827000000000000000e+03 3.865000000000000000e+03 3.743000000000000000e+03 3.380000000000000000e+03 3.921000000000000000e+03
0.000000000000000000e+00 4.292000000000000000e+03 4.213000000000000000e+03 4.169000000000000000e+03 4.217000000000000000e+03 4.294000000000000000e+03 4.132000000000000000e+03 4.237000000000000000e+03 4.198000000000000000e+03 4.279000000000000000e+03 4.176000000000000000e+03 4.234000000000000000e+03 4.082000000000000000e+03 3.776000000000000000e+03
0.000000000000000000e+00 2.682000000000000000e+03 2.668000000000000000e+03 2.626000000000000000e+03 2.654000000000000000e+03 2.660000000000000000e+03 2.606000000000000000e+03 2.565000000000000000e+03 2.646000000000000000e+03 2.208000000000000000e+03 2.534000000000000000e+03 2.538000000000000000e+03 2.534000000000000000e+03 2.563000000000000000e+03
0.000000000000000000e+00 2.609000000000000000e+03 1.780000000000000000e+03 2.703000000000000000e+03 2.783000000000000000e+03 2.766000000000000000e+03 2.690000000000000000e+03 2.771000000000000000e+03 2.552000000000000000e+03 1.755000000000000000e+03 2.418000000000000000e+03 2.519000000000000000e+03 2.595000000000000000e+03 3.850000000000000000e+02
0.000000000000000000e+00 5.670000000000000000e+02 5.070000000000000000e+02 4.830000000000000000e+02 4.650000000000000000e+02 1.161000000000000000e+03 8.930000000000000000e+02 4.050000000000000000e+02 4.040000000000000000e+02 3.420000000000000000e+02 3.670000000000000000e+02 3.300000000000000000e+02 3.190000000000000000e+02 2.900000000000000000e+02
0.000000000000000000e+00 5.580000000000000000e+02 5.170000000000000000e+02 4.670000000000000000e+02 3.980000000000000000e+02 4.180000000000000000e+02 4.420000000000000000e+02 3.620000000000000000e+02 3.500000000000000000e+02 3.300000000000000000e+02 3.540000000000000000e+02 3.090000000000000000e+02 2.930000000000000000e+02 2.930000000000000000e+02
0.000000000000000000e+00 5.160000000000000000e+02 4.810000000000000000e+02 4.480000000000000000e+02 4.500000000000000000e+02 3.870000000000000000e+02 3.590000000000000000e+02 3.640000000000000000e+02 3.010000000000000000e+02 2.910000000000000000e+02 3.240000000000000000e+02 3.030000000000000000e+02 2.810000000000000000e+02 2.160000000000000000e+02
0.000000000000000000e+00 4.570000000000000000e+02 4.430000000000000000e+02 4.270000000000000000e+02 3.450000000000000000e+02 4.020000000000000000e+02 3.620000000000000000e+02 3.110000000000000000e+02 3.150000000000000000e+02 3.210000000000000000e+02 3.030000000000000000e+02 2.970000000000000000e+02 2.700000000000000000e+02 2.430000000000000000e+02
0.000000000000000000e+00 4.150000000000000000e+02 4.260000000000000000e+02 3.410000000000000000e+02 3.370000000000000000e+02 3.410000000000000000e+02 2.810000000000000000e+02 2.950000000000000000e+02 2.780000000000000000e+02 2.690000000000000000e+02 2.680000000000000000e+02 2.440000000000000000e+02 2.800000000000000000e+02 2.100000000000000000e+02
0.000000000000000000e+00 3.940000000000000000e+02 3.370000000000000000e+02 3.490000000000000000e+02 3.260000000000000000e+02 3.360000000000000000e+02 2.840000000000000000e+02 2.900000000000000000e+02 2.370000000000000000e+02 2.340000000000000000e+02 2.330000000000000000e+02 2.180000000000000000e+02 2.610000000000000000e+02 2.040000000000000000e+02
