0.000000000000000000e+00 0.000000000000000000e+00 0.000000000000000000e+00 0.000000000000000000e+00 0.000000000000000000e+00 0.000000000000000000e+00 0.000000000000000000e+00 0.000000000000000000e+00 0.000000000000000000e+00 0.000000000000000000e+00 0.000000000000000000e+00 0.000000000000000000e+00 0.000000000000000000e+00 0.000000000000000000e+00
0.000000000000000000e+00 1.090507726269314936e+01 1.065229408512990084e+01 1.085638297872338676e+01 1.070649350649349962e+01 1.109842305600870027e+01 1.129085872576178673e+01 1.206323687031083303e+01 1.260986066452304222e+01 1.175627240143369789e+01 1.157922628510862317e+01 1.102591792656587799e+01 1.041762013729975322e+01 9.694533762057881532e+00
0.000000000000000000e+00 1.106759656652359602e+01 1.082706766917295127e+01 1.100899100899101057e+01 1.059421025901475488e+01 1.127234490010513213e+01 1.125518672199171988e+01 1.195764462809917106e+01 1.261023821591486360e+01 1.169548243167873736e+01 1.146432374866880188e+01 1.055856832971801751e+01 1.004603580562659637e+01 9.675222629649049111e+00
0.000000000000000000e+00 1.092980009298003274e+01 1.065105386416860611e+01 1.062420382165604771e+01 1.113582584003786025e+01 1.143614457831325915e+01 1.193656895723210987e+01 1.238912732474962652e+01 1.272866632600919168e+01 1.172478793590953394e+01 1.157308809293321339e+01 1.082621082621082209e+01 1.031192660550457596e+01 9.460992907801434981e+00
0.000000000000000000e+00 1.104363472784524092e+01 1.066938037087290603e+01 1.126182965299684824e+01 1.083467094703051004e+01 1.109301328761251249e+01 1.151582701738744419e+01 1.218887908208297866e+01 1.242007104795737504e+01 1.215095986038393150e+01 1.100222717149221552e+01 1.082552431950024285e+01 1.015659955257269154e+01 9.824253075571181881e+00
0.000000000000000000e+00 1.079024800336276435e+01 1.086044520547945424e+01 1.088665830196571349e+01 1.071399428804571308e+01 1.102250489236789122e+01 1.103391908459336967e+01 1.197506033789220758e+01 1.241781106949645874e+01 1.165094339622639907e+01 1.092958860759491913e+01 1.055121349238995343e+01 1.034725093013641661e+01 9.688538205980078644e+00
0.000000000000000000e+00 1.051744885679903518e+01 1.008244994110718729e+01 1.011834319526629677e+01 1.002800000000001113e+01 1.050331642606322191e+01 1.071258907363418444e+01 1.111152835148329565e+01 1.222264875239922688e+01 1.128012048192768013e+01 1.057142857142857117e+01 1.008627156789194146e+01 9.739625711960954391e+00 9.189502122732516654e+00
0.000000000000000000e+00 1.006679035250463450e+01 9.727530077848546952e+00 9.495645863570381096e+00 9.568965517241373675e+00 9.846153846153869793e+00 1.008743169398907469e+01 1.079688176699867874e+01 1.121803977272725383e+01 1.063277249451354400e+01 9.897698209718686968e+00 9.807482746095166348e+00 9.317673378076039015e+00 8.703108252947481915e+00
0.000000000000000000e+00 9.375852660300134644e+00 9.321343739396006356e+00 9.508307900983346883e+00 8.980807412309729898e+00 9.212837837837842159e+00 9.776401788785696212e+00 1.034902864669079747e+01 1.080418174507437357e+01 1.010493179433369981e+01 9.707563025210079743e+00 9.139301762875904345e+00 8.461270062805343883e+00 8.177895784931957124e+00
0.000000000000000000e+00 1.022065583818570467e+01 9.768894440974399629e+00 9.641754169240277506e+00 9.816827072337773075e+00 9.824890556597855706e+00 9.996787664632186932e+00 1.070231958762887281e+01 1.150667514303876793e+01 1.070707070707072361e+01 9.968622529024194989e+00 9.751806471881879546e+00 9.221350078492930535e+00 8.442622950819693273e+00
0.000000000000000000e+00 1.085181898846497006e+01 1.025595763459841159e+01 1.034703995333916815e+01 9.994180971777677058e+00 1.047536231884054736e+01 1.077844311377245567e+01 1.146341463414636053e+01 1.202478090057417148e+01 1.140397744137727010e+01 1.089606928714190026e+01 1.018577648766328636e+01 9.596821659799859461e+00 9.411764705882367466e+00
0.000000000000000000e+00 1.095447065277016208e+01 1.071620893914917438e+01 1.070175438596491801e+01 1.090783282590644276e+01 1.108115543328747776e+01 1.126018468223792190e+01 1.187978142076504362e+01 1.249098474341191611e+01 1.167174937621291697e+01 1.104413347685682467e+01 1.042473454091195251e+01 1.017902813299235021e+01 9.630026809651443642e+00
0.000000000000000000e+00 1.157530737704917101e+01 1.144041450777203117e+01 1.143702243036727495e+01 1.130456852791875910e+01 1.140086756825717274e+01 1.171108742004259184e+01 1.224831376467648880e+01 1.269625448948180235e+01 1.191795139796180614e+01 1.143855109961188532e+01 1.096713865882984429e+01 1.058579881656805988e+01 1.004080591685793067e+01
0.000000000000000000e+00 1.195479962721338651e+01 1.173510562544505476e+01 1.183976972895180779e+01 1.193976760730378750e+01 1.217279925477411595e+01 1.220958373668926100e+01 1.262449846589571578e+01 1.331110052405907318e+01 1.212199111942043572e+01 1.185105363984673055e+01 1.153755314123762332e+01 1.095296423321899582e+01 1.033103813559323036e+01
0.000000000000000000e+00 1.180835197613719600e+01 1.208770614692656942e+01 1.238385376999238474e+01 1.212509419743783035e+01 1.222556390977443108e+01 1.282041442824250588e+01 1.308771929824558811e+01 1.339002267573697225e+01 1.243206521739130466e+01 1.218232044198895103e+01 1.179669030732859447e+01 1.100631412786108854e+01 1.086617245415527044e+01
0.000000000000000000e+00 1.262935990801071107e+01 1.257865168539327172e+01 1.280799112097669124e+01 1.240028745957598133e+01 1.281995661605207637e+01 1.301858736059478439e+01 1.308913749548901606e+01 1.354231974921629877e+01 1.250712250712248697e+01 1.240281224152190909e+01 1.205240174672485765e+01 1.171098265895955493e+01 1.135064935064935554e+01
0.000000000000000000e+00 1.283950617283950812e+01 1.272189349112425738e+01 1.194616977225672372e+01 1.331182795698924437e+01 1.276485788113693332e+01 1.301231802911534352e+01 1.316049382716050431e+01 1.344059405940594765e+01 1.345029239766082263e+01 1.267029972752043143e+01 1.196969696969697061e+01 1.166144200626959915e+01 1.258620689655171887e+01
0.000000000000000000e+00 1.365591397849461863e+01 1.415860735009670712e+01 1.344753747323340143e+01 1.384422110552763385e+01 1.392344497607656706e+01 1.282805429864254165e+01 1.419889502762430133e+01 1.388571428571428790e+01 1.393939393939394122e+01 1.353107344632767450e+01 1.414239482200646414e+01 1.242320819112627461e+01 1.218430034129693240e+01
0.000000000000000000e+00 1.432170542635659416e+01 1.390852390852389853e+01 1.470982142857143415e+01 1.428888888888887898e+01 1.392764857881136642e+01 1.470752089136490603e+01 1.508241758241758035e+01 1.568106312292358240e+01 1.460481099656356996e+01 1.401234567901234129e+01 1.320132013201320298e+01 1.291814946619217253e+01 1.287037037037037379e+01
0.000000000000000000e+00 1.549234135667396828e+01 1.555304740406321429e+01 1.505854800936769067e+01 1.542028985507247363e+01 1.554726368159204775e+01 1.552486187845304677e+01 1.546623794212218783e+01 1.542857142857142883e+01 1.479750778816199563e+01 1.455445544554455850e+01 1.410774410774411436e+01 1.374074074074074403e+01 1.460905349794239250e+01
0.000000000000000000e+00 1.638554216867468227e+01 1.673708920187793581e+01 1.601173020527859236e+01 1.623145400593471521e+01 1.574780058651025527e+01 1.604982206405694001e+01 1.698305084745761917e+01 1.694244604316546443e+01 1.594795539033457210e+01 1.623134328358208123e+01 1.581967213114754678e+01 1.550000000000000000e+01 1.490476190476189977e+01
0.000000000000000000e+00 1.728426395939087357e+01 1.706231454005935078e+01 1.719197707736389802e+01 1.776073619631900513e+01 1.747023809523807358e+01 1.749999999999998579e+01 1.744827586206895376e+01 1.755274261603376118e+01 1.739316239316238821e+01 1.712446351931330213e+01 1.619266055045871155e+01 1.666666666666666430e+01 1.661764705882352544e+01
