0.000000000000000000e+00 0.000000000000000000e+00 0.000000000000000000e+00 0.000000000000000000e+00 0.000000000000000000e+00 0.000000000000000000e+00 0.000000000000000000e+00 0.000000000000000000e+00 0.000000000000000000e+00 0.000000000000000000e+00 0.000000000000000000e+00 0.000000000000000000e+00 0.000000000000000000e+00 0.000000000000000000e+00
0.000000000000000000e+00 9.200000000000000000e+02 1.295000000000000000e+03 1.259000000000000000e+03 1.237000000000000000e+03 1.273000000000000000e+03 1.203000000000000000e+03 1.260000000000000000e+03 1.254000000000000000e+03 1.261000000000000000e+03 1.271000000000000000e+03 1.264000000000000000e+03 1.256000000000000000e+03 1.129000000000000000e+03
0.000000000000000000e+00 1.324000000000000000e+03 1.062000000000000000e+03 1.222000000000000000e+03 1.182000000000000000e+03 1.347000000000000000e+03 1.345000000000000000e+03 1.319000000000000000e+03 1.399000000000000000e+03 1.262000000000000000e+03 1.406000000000000000e+03 1.342000000000000000e+03 1.269000000000000000e+03 1.309000000000000000e+03
0.000000000000000000e+00 1.455000000000000000e+03 1.353000000000000000e+03 1.215000000000000000e+03 1.552000000000000000e+03 1.451000000000000000e+03 1.428000000000000000e+03 1.412000000000000000e+03 1.453000000000000000e+03 1.431000000000000000e+03 1.413000000000000000e+03 1.415000000000000000e+03 1.439000000000000000e+03 1.364000000000000000e+03
0.000000000000000000e+00 1.488000000000000000e+03 1.514000000000000000e+03 1.471000000000000000e+03 1.227000000000000000e+03 1.454000000000000000e+03 1.575000000000000000e+03 1.478000000000000000e+03 1.509000000000000000e+03 1.455000000000000000e+03 1.603000000000000000e+03 1.502000000000000000e+03 1.470000000000000000e+03 1.386000000000000000e+03
0.000000000000000000e+00 1.570000000000000000e+03 1.581000000000000000e+03 1.544000000000000000e+03 1.574000000000000000e+03 1.401000000000000000e+03 1.699000000000000000e+03 1.717000000000000000e+03 1.671000000000000000e+03 1.647000000000000000e+03 1.654000000000000000e+03 1.590000000000000000e+03 1.641000000000000000e+03 1.616000000000000000e+03
0.000000000000000000e+00 1.713000000000000000e+03 1.678000000000000000e+03 1.782000000000000000e+03 1.737000000000000000e+03 1.708000000000000000e+03 1.476000000000000000e+03 1.766000000000000000e+03 1.699000000000000000e+03 1.817000000000000000e+03 1.824000000000000000e+03 1.811000000000000000e+03 1.707000000000000000e+03 1.688000000000000000e+03
0.000000000000000000e+00 1.943000000000000000e+03 1.906000000000000000e+03 1.960000000000000000e+03 1.853000000000000000e+03 1.857000000000000000e+03 1.825000000000000000e+03 1.588000000000000000e+03 1.841000000000000000e+03 1.906000000000000000e+03 1.822000000000000000e+03 1.918000000000000000e+03 1.877000000000000000e+03 1.901000000000000000e+03
0.000000000000000000e+00 2.009000000000000000e+03 2.032000000000000000e+03 1.993000000000000000e+03 1.992000000000000000e+03 1.962000000000000000e+03 2.000000000000000000e+03 1.850000000000000000e+03 1.724000000000000000e+03 2.014000000000000000e+03 2.041000000000000000e+03 2.045000000000000000e+03 2.030000000000000000e+03 2.016000000000000000e+03
0.000000000000000000e+00 2.119000000000000000e+03 2.226000000000000000e+03 2.124000000000000000e+03 2.196000000000000000e+03 2.198000000000000000e+03 2.193000000000000000e+03 2.067000000000000000e+03 2.263000000000000000e+03 1.887000000000000000e+03 2.184000000000000000e+03 2.150000000000000000e+03 2.131000000000000000e+03 2.188000000000000000e+03
0.000000000000000000e+00 2.279000000000000000e+03 2.182000000000000000e+03 2.309000000000000000e+03 2.253000000000000000e+03 2.249000000000000000e+03 2.305000000000000000e+03 2.289000000000000000e+03 2.328000000000000000e+03 2.239000000000000000e+03 2.029000000000000000e+03 2.278000000000000000e+03 2.289000000000000000e+03 2.184000000000000000e+03
0.000000000000000000e+00 2.443000000000000000e+03 2.476000000000000000e+03 2.435000000000000000e+03 2.553000000000000000e+03 2.540000000000000000e+03 2.417000000000000000e+03 2.516000000000000000e+03 2.501000000000000000e+03 2.396000000000000000e+03 2.545000000000000000e+03 2.144000000000000000e+03 2.511000000000000000e+03 2.354000000000000000e+03
0.000000000000000000e+00 2.683000000000000000e+03 2.713000000000000000e+03 2.707000000000000000e+03 2.638000000000000000e+03 2.745000000000000000e+03 2.599000000000000000e+03 2.542000000000000000e+03 2.755000000000000000e+03 2.548000000000000000e+03 2.605000000000000000e+03 2.585000000000000000e+03 2.302000000000000000e+03 2.565000000000000000e+03
0.000000000000000000e+00 2.851000000000000000e+03 2.836000000000000000e+03 2.819000000000000000e+03 2.852000000000000000e+03 2.793000000000000000e+03 2.899000000000000000e+03 2.844000000000000000e+03 2.759000000000000000e+03 2.671000000000000000e+03 2.852000000000000000e+03 2.845000000000000000e+03 2.879000000000000000e+03 2.409000000000000000e+03
0.000000000000000000e+00 1.814000000000000000e+03 1.786000000000000000e+03 1.801000000000000000e+03 1.790000000000000000e+03 1.690000000000000000e+03 1.695000000000000000e+03 1.561000000000000000e+03 1.669000000000000000e+03 1.725000000000000000e+03 1.858000000000000000e+03 1.710000000000000000e+03 1.775000000000000000e+03 1.620000000000000000e+03
0.000000000000000000e+00 4.260000000000000000e+02 1.774000000000000000e+03 1.764000000000000000e+03 1.826000000000000000e+03 1.790000000000000000e+03 1.912000000000000000e+03 1.808000000000000000e+03 1.798000000000000000e+03 1.487000000000000000e+03 1.838000000000000000e+03 1.830000000000000000e+03 1.759000000000000000e+03 1.716000000000000000e+03
0.000000000000000000e+00 3.600000000000000000e+02 4.090000000000000000e+02 5.260000000000000000e+02 2.960000000000000000e+02 5.610000000000000000e+02 6.730000000000000000e+02 2.480000000000000000e+02 3.570000000000000000e+02 2.360000000000000000e+02 2.440000000000000000e+02 2.350000000000000000e+02 2.680000000000000000e+02 2.560000000000000000e+02
0.000000000000000000e+00 3.260000000000000000e+02 3.310000000000000000e+02 3.500000000000000000e+02 2.980000000000000000e+02 2.690000000000000000e+02 2.920000000000000000e+02 2.320000000000000000e+02 2.580000000000000000e+02 2.370000000000000000e+02 2.380000000000000000e+02 2.200000000000000000e+02 2.040000000000000000e+02 2.070000000000000000e+02
0.000000000000000000e+00 3.220000000000000000e+02 3.000000000000000000e+02 2.960000000000000000e+02 3.100000000000000000e+02 2.660000000000000000e+02 2.400000000000000000e+02 2.500000000000000000e+02 2.000000000000000000e+02 2.400000000000000000e+02 2.350000000000000000e+02 1.970000000000000000e+02 1.750000000000000000e+02 1.750000000000000000e+02
0.000000000000000000e+00 3.140000000000000000e+02 2.720000000000000000e+02 2.780000000000000000e+02 2.690000000000000000e+02 2.490000000000000000e+02 2.400000000000000000e+02 2.120000000000000000e+02 2.140000000000000000e+02 2.140000000000000000e+02 1.890000000000000000e+02 1.750000000000000000e+02 2.090000000000000000e+02 1.650000000000000000e+02
0.000000000000000000e+00 2.600000000000000000e+02 2.620000000000000000e+02 2.600000000000000000e+02 2.220000000000000000e+02 2.440000000000000000e+02 2.250000000000000000e+02 2.290000000000000000e+02 1.740000000000000000e+02 1.900000000000000000e+02 1.930000000000000000e+02 1.580000000000000000e+02 1.640000000000000000e+02 1.640000000000000000e+02
0.000000000000000000e+00 2.310000000000000000e+02 2.310000000000000000e+02 2.560000000000000000e+02 2.210000000000000000e+02 2.200000000000000000e+02 1.990000000000000000e+02 1.880000000000000000e+02 2.100000000000000000e+02 1.690000000000000000e+02 1.640000000000000000e+02 1.510000000000000000e+02 1.400000000000000000e+02 1.480000000000000000e+02
