0.000000000000000000e+00 0.000000000000000000e+00 0.000000000000000000e+00 0.000000000000000000e+00 0.000000000000000000e+00 0.000000000000000000e+00 0.000000000000000000e+00 0.000000000000000000e+00 0.000000000000000000e+00 0.000000000000000000e+00 0.000000000000000000e+00 0.000000000000000000e+00 0.000000000000000000e+00 0.000000000000000000e+00
0.000000000000000000e+00 1.070953436807096004e+01 1.068814055636897464e+01 1.103610675039246125e+01 1.063063063063063218e+01 1.134128166915052560e+01 1.166666666666666430e+01 1.215686274509804754e+01 1.253105590062112817e+01 1.187948350071735781e+01 1.155629139072847522e+01 1.206060606060604457e+01 1.044444444444444819e+01 9.624277456647405415e+00
0.000000000000000000e+00 1.095808383233532979e+01 1.078694817658349692e+01 1.096350364963502244e+01 1.043165467625900078e+01 1.144859813084111444e+01 1.173652694610778902e+01 1.176565008025682779e+01 1.273653566229985046e+01 1.213523131672597266e+01 1.125984251968503358e+01 1.082926829268292579e+01 9.785100286532941283e+00 1.039634146341464138e+01
0.000000000000000000e+00 1.075619295958280297e+01 1.124301675977653225e+01 1.032945736434108674e+01 1.121786197564275689e+01 1.149779735682819393e+01 1.222509702457955783e+01 1.232021709633650097e+01 1.272314674735250151e+01 1.192307692307692513e+01 1.175115207373272241e+01 1.046478873239436069e+01 1.053549190535490254e+01 9.869960988296490711e+00
0.000000000000000000e+00 1.124999999999999289e+01 1.072678331090173565e+01 1.097911227154047076e+01 1.087163232963551174e+01 1.137724550898203546e+01 1.104738154613466961e+01 1.251249999999999929e+01 1.294723294723294416e+01 1.262764632627645511e+01 1.127023661270238009e+01 1.120245398773007039e+01 1.022135416666666430e+01 1.010526315789472740e+01
0.000000000000000000e+00 1.071510957324107771e+01 1.093975903614456158e+01 1.086741016109045432e+01 1.072767364939360846e+01 1.099999999999999112e+01 1.113013698630139281e+01 1.210176991150443371e+01 1.230769230769229772e+01 1.138702460850110931e+01 1.101098901098899852e+01 1.069686411149826810e+01 1.040770101925254743e+01 1.004716981132076192e+01
0.000000000000000000e+00 1.076923076923076827e+01 1.028260869565218272e+01 1.022346368715084708e+01 1.035714285714285587e+01 1.105383734249715033e+01 1.064335664335663623e+01 1.100694444444444642e+01 1.175849941383353325e+01 1.170281995661606445e+01 1.062006764374295642e+01 1.050256410256409900e+01 9.722543352601160649e+00 9.065743944636674101e+00
0.000000000000000000e+00 9.923830250272029474e+00 9.469026548672552224e+00 9.270833333333332149e+00 9.397344228804907829e+00 1.031098153547132412e+01 9.989775051124730965e+00 1.069682151589242736e+01 1.100098135426888568e+01 1.052684903748734691e+01 9.812499999999998224e+00 9.560209424083783603e+00 9.740259740259746835e+00 9.192229038854810241e+00
0.000000000000000000e+00 9.197416974169726700e+00 9.555555555555567793e+00 9.250972762645911729e+00 9.092592592592573908e+00 9.372659176029953798e+00 9.903660886319842760e+00 9.819657348963028554e+00 1.052095130237825593e+01 1.087184873949580677e+01 9.636711281070741819e+00 9.000000000000008882e+00 8.330000000000007176e+00 8.366383380547695481e+00
0.000000000000000000e+00 1.024280575539569327e+01 1.024933214603740161e+01 9.856373429084380078e+00 9.899909008189274218e+00 9.920283436669617316e+00 1.008764241893075564e+01 1.083788706739527719e+01 1.139534883720931724e+01 1.107832009080589586e+01 1.007366482504604654e+01 9.794584500466863020e+00 9.118165784832461540e+00 8.630017452007001211e+00
0.000000000000000000e+00 1.072727272727272840e+01 1.023235800344234647e+01 1.030354131534569539e+01 1.032072368421052211e+01 1.064071370640711756e+01 1.112582781456954173e+01 1.176013805004315849e+01 1.205083260297982939e+01 1.147598253275107894e+01 1.115203021718601661e+01 1.018744906275469297e+01 9.658411614005135704e+00 9.530864197530867443e+00
0.000000000000000000e+00 1.098466505246166491e+01 1.068835098335855527e+01 1.099836333878887018e+01 1.095826893353941500e+01 1.129992169146436609e+01 1.166538164996145532e+01 1.176970633693971102e+01 1.250610252237591880e+01 1.142857142857141994e+01 1.101600000000000712e+01 1.094322344322344343e+01 1.032936870997255241e+01 9.738610903659445484e+00
0.000000000000000000e+00 1.151355421686746716e+01 1.143487858719648287e+01 1.144428152492667472e+01 1.139231327048587161e+01 1.137758743754461577e+01 1.159018987341770490e+01 1.276082327892121704e+01 1.269258987527514293e+01 1.204545454545454497e+01 1.166425470332849024e+01 1.111279333838002614e+01 1.028478437754273145e+01 1.022127052105637013e+01
0.000000000000000000e+00 1.200525969756738398e+01 1.184625943719972163e+01 1.168867268936763004e+01 1.205211726384363402e+01 1.243208279430788465e+01 1.215436241610738399e+01 1.273655547991833714e+01 1.304521276595747103e+01 1.210382513661203596e+01 1.170431211498972779e+01 1.163912756113682967e+01 1.128309572301425590e+01 1.035222052067382137e+01
0.000000000000000000e+00 1.185714285714285232e+01 1.211817168338908246e+01 1.272727272727272663e+01 1.215772179627600558e+01 1.242553191489361630e+01 1.289210233592881316e+01 1.339152119700748500e+01 1.366666666666668206e+01 1.289224952741020047e+01 1.202653799758745734e+01 1.191323692992213168e+01 1.141040462427743840e+01 1.135362014690450394e+01
0.000000000000000000e+00 1.271767810026385348e+01 1.256038647342995240e+01 1.284897025171624918e+01 1.245865490628444228e+01 1.285563751317175551e+01 1.329473684210524453e+01 1.302127659574466989e+01 1.335158817086528771e+01 1.386666666666666714e+01 1.274447949526813595e+01 1.203931203931203520e+01 1.162663755458516945e+01 1.164948453608247547e+01
0.000000000000000000e+00 1.182291666666666785e+01 1.306358381502890254e+01 1.215568862275449113e+01 1.337278106508875553e+01 1.308988764044941355e+01 1.317829457364342360e+01 1.394366197183097711e+01 1.357664233576642587e+01 1.395161290322580783e+01 1.313333333333333819e+01 1.267175572519084170e+01 1.088495575221238632e+01 1.351351351351351049e+01
0.000000000000000000e+00 1.463414634146341520e+01 1.340540540540540171e+01 1.371794871794872250e+01 1.407407407407407085e+01 1.440251572327044549e+01 1.304812834224599172e+01 1.374149659863945772e+01 1.456000000000001116e+01 1.500000000000000355e+01 1.418604651162790375e+01 1.500000000000000178e+01 1.196261682242990609e+01 1.359223300970873716e+01
0.000000000000000000e+00 1.356725146198829712e+01 1.406249999999999822e+01 1.435897435897435948e+01 1.432584269662921983e+01 1.350364963503649740e+01 1.536764705882353965e+01 1.508771929824560942e+01 1.412280701754385781e+01 1.473118279569892586e+01 1.392156862745097534e+01 1.303571428571428825e+01 1.444444444444444642e+01 1.344827586206896264e+01
0.000000000000000000e+00 1.527950310559006653e+01 1.510791366906475197e+01 1.440251572327043839e+01 1.563492063492063444e+01 1.623287671232876050e+01 1.600000000000001066e+01 1.644230769230768630e+01 1.512605042016806500e+01 1.452991452991453158e+01 1.481818181818182012e+01 1.436974789915966610e+01 1.413461538461538325e+01 1.375000000000000178e+01
0.000000000000000000e+00 1.647887323943661997e+01 1.660606060606060552e+01 1.552631578947368318e+01 1.586776859504132275e+01 1.676470588235294912e+01 1.564356435643564858e+01 1.715789473684209909e+01 1.686868686868686495e+01 1.549450549450548920e+01 1.602040816326530148e+01 1.580645161290322775e+01 1.586538461538460787e+01 1.463768115942028913e+01
0.000000000000000000e+00 1.715384615384614264e+01 1.715596330275229420e+01 1.703125000000000711e+01 1.747663551401868531e+01 1.738095238095236539e+01 1.782178217821781629e+01 1.770642201834861851e+01 1.732394366197182478e+01 1.730158730158730407e+01 1.764705882352941657e+01 1.682926829268292579e+01 1.674418604651162212e+01 1.710144927536232018e+01
