0.000000000000000000e+00 0.000000000000000000e+00 0.000000000000000000e+00 0.000000000000000000e+00 0.000000000000000000e+00 0.000000000000000000e+00 0.000000000000000000e+00 0.000000000000000000e+00 0.000000000000000000e+00 0.000000000000000000e+00 0.000000000000000000e+00 0.000000000000000000e+00 0.000000000000000000e+00 0.000000000000000000e+00
0.000000000000000000e+00 3.004000000000000000e+03 3.943000000000000000e+03 3.710000000000000000e+03 3.620000000000000000e+03 3.315000000000000000e+03 3.398000000000000000e+03 0.000000000000000000e+00 0.000000000000000000e+00 3.045000000000000000e+03 2.599000000000000000e+03 2.751000000000000000e+03 2.658000000000000000e+03 2.602000000000000000e+03
0.000000000000000000e+00 0.000000000000000000e+00 3.040000000000000000e+03 3.642000000000000000e+03 0.000000000000000000e+00 3.583000000000000000e+03 3.249000000000000000e+03 3.354000000000000000e+03 3.213000000000000000e+03 3.116000000000000000e+03 2.799000000000000000e+03 2.712000000000000000e+03 0.000000000000000000e+00 0.000000000000000000e+00
0.000000000000000000e+00 4.315000000000000000e+03 3.993000000000000000e+03 2.981000000000000000e+03 3.763000000000000000e+03 0.000000000000000000e+00 3.399000000000000000e+03 3.512000000000000000e+03 3.291000000000000000e+03 0.000000000000000000e+00 2.831000000000000000e+03 0.000000000000000000e+00 0.000000000000000000e+00 0.000000000000000000e+00
0.000000000000000000e+00 4.520000000000000000e+03 0.000000000000000000e+00 3.946000000000000000e+03 2.822000000000000000e+03 3.758000000000000000e+03 0.000000000000000000e+00 0.000000000000000000e+00 0.000000000000000000e+00 3.008000000000000000e+03 0.000000000000000000e+00 2.807000000000000000e+03 0.000000000000000000e+00 0.000000000000000000e+00
0.000000000000000000e+00 4.591000000000000000e+03 4.384000000000000000e+03 0.000000000000000000e+00 0.000000000000000000e+00 2.746000000000000000e+03 1.000000000000000000e+00 3.413000000000000000e+03 3.379000000000000000e+03 0.000000000000000000e+00 3.038000000000000000e+03 0.000000000000000000e+00 0.000000000000000000e+00 0.000000000000000000e+00
0.000000000000000000e+00 4.498000000000000000e+03 4.464000000000000000e+03 4.282000000000000000e+03 4.029000000000000000e+03 0.000000000000000000e+00 2.959000000000000000e+03 2.000000000000000000e+00 3.268000000000000000e+03 0.000000000000000000e+00 5.000000000000000000e+00 0.000000000000000000e+00 3.279000000000000000e+03 2.941000000000000000e+03
0.000000000000000000e+00 4.724000000000000000e+03 0.000000000000000000e+00 0.000000000000000000e+00 4.079000000000000000e+03 0.000000000000000000e+00 3.598000000000000000e+03 2.954000000000000000e+03 3.335000000000000000e+03 3.329000000000000000e+03 3.144000000000000000e+03 0.000000000000000000e+00 3.010000000000000000e+03 0.000000000000000000e+00
0.000000000000000000e+00 1.460000000000000000e+02 2.000000000000000000e+00 4.027000000000000000e+03 4.231000000000000000e+03 3.920000000000000000e+03 3.599000000000000000e+03 0.000000000000000000e+00 2.580000000000000000e+03 3.212000000000000000e+03 4.000000000000000000e+00 1.150000000000000000e+02 0.000000000000000000e+00 0.000000000000000000e+00
0.000000000000000000e+00 4.000000000000000000e+00 4.990000000000000000e+03 0.000000000000000000e+00 6.000000000000000000e+00 0.000000000000000000e+00 3.537000000000000000e+03 4.023000000000000000e+03 3.305000000000000000e+03 2.771000000000000000e+03 0.000000000000000000e+00 3.234000000000000000e+03 3.263000000000000000e+03 3.317000000000000000e+03
0.000000000000000000e+00 4.954000000000000000e+03 4.864000000000000000e+03 4.583000000000000000e+03 3.000000000000000000e+00 3.000000000000000000e+00 3.834000000000000000e+03 3.707000000000000000e+03 2.000000000000000000e+00 3.358000000000000000e+03 0.000000000000000000e+00 2.000000000000000000e+00 3.285000000000000000e+03 0.000000000000000000e+00
0.000000000000000000e+00 5.263000000000000000e+03 4.902000000000000000e+03 4.649000000000000000e+03 4.610000000000000000e+03 2.000000000000000000e+00 3.729000000000000000e+03 4.000000000000000000e+00 3.000000000000000000e+00 3.433000000000000000e+03 3.531000000000000000e+03 2.750000000000000000e+03 3.000000000000000000e+00 3.490000000000000000e+03
0.000000000000000000e+00 5.087000000000000000e+03 4.818000000000000000e+03 4.443000000000000000e+03 4.572000000000000000e+03 2.000000000000000000e+00 3.835000000000000000e+03 5.000000000000000000e+00 3.925000000000000000e+03 3.364000000000000000e+03 3.424000000000000000e+03 3.484000000000000000e+03 2.000000000000000000e+00 2.000000000000000000e+00
0.000000000000000000e+00 5.103000000000000000e+03 4.759000000000000000e+03 4.832000000000000000e+03 4.625000000000000000e+03 2.000000000000000000e+00 3.732000000000000000e+03 2.000000000000000000e+00 3.724000000000000000e+03 7.000000000000000000e+00 3.538000000000000000e+03 2.000000000000000000e+00 3.518000000000000000e+03 8.000000000000000000e+00
0.000000000000000000e+00 7.190000000000000000e+02 7.600000000000000000e+02 6.270000000000000000e+02 1.000000000000000000e+00 8.000000000000000000e+00 3.000000000000000000e+00 1.312000000000000000e+03 2.000000000000000000e+00 6.250000000000000000e+02 6.870000000000000000e+02 3.000000000000000000e+00 8.900000000000000000e+02 1.227000000000000000e+03
0.000000000000000000e+00 2.000000000000000000e+00 5.000000000000000000e+00 1.090000000000000000e+02 8.420000000000000000e+02 1.519000000000000000e+03 3.560000000000000000e+02 1.000000000000000000e+00 5.170000000000000000e+02 5.420000000000000000e+02 7.000000000000000000e+02 1.032000000000000000e+03 9.660000000000000000e+02 1.000000000000000000e+00
0.000000000000000000e+00 5.600000000000000000e+02 6.700000000000000000e+02 7.000000000000000000e+00 1.000000000000000000e+00 1.890000000000000000e+03 3.600000000000000000e+02 1.177000000000000000e+03 5.120000000000000000e+02 6.310000000000000000e+02 6.200000000000000000e+02 9.890000000000000000e+02 1.000000000000000000e+00 1.000000000000000000e+00
0.000000000000000000e+00 5.240000000000000000e+02 7.530000000000000000e+02 7.490000000000000000e+02 7.170000000000000000e+02 1.675000000000000000e+03 3.510000000000000000e+02 1.157000000000000000e+03 6.040000000000000000e+02 3.000000000000000000e+00 6.930000000000000000e+02 9.780000000000000000e+02 7.040000000000000000e+02 1.174000000000000000e+03
0.000000000000000000e+00 4.820000000000000000e+02 5.000000000000000000e+02 6.870000000000000000e+02 6.290000000000000000e+02 1.565000000000000000e+03 2.170000000000000000e+02 1.030000000000000000e+03 3.260000000000000000e+02 5.140000000000000000e+02 5.380000000000000000e+02 3.000000000000000000e+00 6.460000000000000000e+02 1.063000000000000000e+03
0.000000000000000000e+00 5.660000000000000000e+02 5.530000000000000000e+02 5.410000000000000000e+02 5.510000000000000000e+02 1.632000000000000000e+03 9.000000000000000000e+00 2.000000000000000000e+00 3.760000000000000000e+02 3.270000000000000000e+02 5.600000000000000000e+02 8.790000000000000000e+02 4.870000000000000000e+02 3.000000000000000000e+00
0.000000000000000000e+00 6.050000000000000000e+02 5.360000000000000000e+02 5.380000000000000000e+02 4.490000000000000000e+02 1.532000000000000000e+03 1.300000000000000000e+01 9.120000000000000000e+02 3.550000000000000000e+02 1.880000000000000000e+02 3.680000000000000000e+02 7.860000000000000000e+02 4.200000000000000000e+02 9.850000000000000000e+02
0.000000000000000000e+00 5.830000000000000000e+02 2.920000000000000000e+02 2.820000000000000000e+02 5.180000000000000000e+02 1.335000000000000000e+03 1.700000000000000000e+01 9.840000000000000000e+02 3.870000000000000000e+02 1.800000000000000000e+02 4.280000000000000000e+02 6.050000000000000000e+02 4.620000000000000000e+02 8.470000000000000000e+02
