0.000000000000000000e+00 0.000000000000000000e+00 0.000000000000000000e+00 0.000000000000000000e+00 0.000000000000000000e+00 0.000000000000000000e+00 0.000000000000000000e+00 0.000000000000000000e+00 0.000000000000000000e+00 0.000000000000000000e+00 0.000000000000000000e+00 0.000000000000000000e+00 0.000000000000000000e+00 0.000000000000000000e+00
0.000000000000000000e+00 9.020000000000000000e+02 1.262000000000000000e+03 1.272000000000000000e+03 1.296000000000000000e+03 1.256000000000000000e+03 1.221000000000000000e+03 1.238000000000000000e+03 1.257000000000000000e+03 1.315000000000000000e+03 1.235000000000000000e+03 1.279000000000000000e+03 1.197000000000000000e+03 1.260000000000000000e+03
0.000000000000000000e+00 1.278000000000000000e+03 9.980000000000000000e+02 1.340000000000000000e+03 1.315000000000000000e+03 1.265000000000000000e+03 1.311000000000000000e+03 1.312000000000000000e+03 1.319000000000000000e+03 1.191000000000000000e+03 1.291000000000000000e+03 1.242000000000000000e+03 1.313000000000000000e+03 1.275000000000000000e+03
0.000000000000000000e+00 1.482000000000000000e+03 1.421000000000000000e+03 1.030000000000000000e+03 1.448000000000000000e+03 1.387000000000000000e+03 1.428000000000000000e+03 1.429000000000000000e+03 1.292000000000000000e+03 1.418000000000000000e+03 1.334000000000000000e+03 1.398000000000000000e+03 1.483000000000000000e+03 1.436000000000000000e+03
0.000000000000000000e+00 1.512000000000000000e+03 1.492000000000000000e+03 1.478000000000000000e+03 1.230000000000000000e+03 1.593000000000000000e+03 1.536000000000000000e+03 1.552000000000000000e+03 1.482000000000000000e+03 1.551000000000000000e+03 1.529000000000000000e+03 1.529000000000000000e+03 1.528000000000000000e+03 1.558000000000000000e+03
0.000000000000000000e+00 1.625000000000000000e+03 1.620000000000000000e+03 1.595000000000000000e+03 1.662000000000000000e+03 1.376000000000000000e+03 1.636000000000000000e+03 1.696000000000000000e+03 1.614000000000000000e+03 1.703000000000000000e+03 1.716000000000000000e+03 1.649000000000000000e+03 1.650000000000000000e+03 1.622000000000000000e+03
0.000000000000000000e+00 1.681000000000000000e+03 1.745000000000000000e+03 1.688000000000000000e+03 1.668000000000000000e+03 1.732000000000000000e+03 1.400000000000000000e+03 1.747000000000000000e+03 1.703000000000000000e+03 1.803000000000000000e+03 1.791000000000000000e+03 1.833000000000000000e+03 1.655000000000000000e+03 1.722000000000000000e+03
0.000000000000000000e+00 1.829000000000000000e+03 1.938000000000000000e+03 1.841000000000000000e+03 1.883000000000000000e+03 1.907000000000000000e+03 1.859000000000000000e+03 1.574000000000000000e+03 1.918000000000000000e+03 1.861000000000000000e+03 1.840000000000000000e+03 1.832000000000000000e+03 1.809000000000000000e+03 1.877000000000000000e+03
0.000000000000000000e+00 1.994000000000000000e+03 2.005000000000000000e+03 2.001000000000000000e+03 2.101000000000000000e+03 2.019000000000000000e+03 1.951000000000000000e+03 2.051000000000000000e+03 1.700000000000000000e+03 1.902000000000000000e+03 2.008000000000000000e+03 1.961000000000000000e+03 1.954000000000000000e+03 2.029000000000000000e+03
0.000000000000000000e+00 2.142000000000000000e+03 2.150000000000000000e+03 2.172000000000000000e+03 2.173000000000000000e+03 2.122000000000000000e+03 2.147000000000000000e+03 2.127000000000000000e+03 2.157000000000000000e+03 1.766000000000000000e+03 2.153000000000000000e+03 2.115000000000000000e+03 2.162000000000000000e+03 2.157000000000000000e+03
0.000000000000000000e+00 2.212000000000000000e+03 2.321000000000000000e+03 2.301000000000000000e+03 2.344000000000000000e+03 2.309000000000000000e+03 2.282000000000000000e+03 2.251000000000000000e+03 2.204000000000000000e+03 2.257000000000000000e+03 2.003000000000000000e+03 2.352000000000000000e+03 2.307000000000000000e+03 2.288000000000000000e+03
0.000000000000000000e+00 2.424000000000000000e+03 2.508000000000000000e+03 2.357000000000000000e+03 2.457000000000000000e+03 2.481000000000000000e+03 2.483000000000000000e+03 2.479000000000000000e+03 2.431000000000000000e+03 2.429000000000000000e+03 2.456000000000000000e+03 2.131000000000000000e+03 2.352000000000000000e+03 2.510000000000000000e+03
0.000000000000000000e+00 2.602000000000000000e+03 2.628000000000000000e+03 2.721000000000000000e+03 2.661000000000000000e+03 2.653000000000000000e+03 2.519000000000000000e+03 2.742000000000000000e+03 2.645000000000000000e+03 2.563000000000000000e+03 2.574000000000000000e+03 2.541000000000000000e+03 2.292000000000000000e+03 2.682000000000000000e+03
0.000000000000000000e+00 2.892000000000000000e+03 2.817000000000000000e+03 2.798000000000000000e+03 2.886000000000000000e+03 2.954000000000000000e+03 2.823000000000000000e+03 2.879000000000000000e+03 2.844000000000000000e+03 2.863000000000000000e+03 2.819000000000000000e+03 2.867000000000000000e+03 2.795000000000000000e+03 2.543000000000000000e+03
0.000000000000000000e+00 1.772000000000000000e+03 1.813000000000000000e+03 1.750000000000000000e+03 1.773000000000000000e+03 1.796000000000000000e+03 1.763000000000000000e+03 1.658000000000000000e+03 1.796000000000000000e+03 1.392000000000000000e+03 1.688000000000000000e+03 1.690000000000000000e+03 1.697000000000000000e+03 1.740000000000000000e+03
0.000000000000000000e+00 1.665000000000000000e+03 9.130000000000000000e+02 1.799000000000000000e+03 1.822000000000000000e+03 1.862000000000000000e+03 1.788000000000000000e+03 1.911000000000000000e+03 1.690000000000000000e+03 8.550000000000000000e+02 1.529000000000000000e+03 1.641000000000000000e+03 1.726000000000000000e+03 2.940000000000000000e+02
0.000000000000000000e+00 3.970000000000000000e+02 3.410000000000000000e+02 3.310000000000000000e+02 3.230000000000000000e+02 1.043000000000000000e+03 7.690000000000000000e+02 2.720000000000000000e+02 2.690000000000000000e+02 2.380000000000000000e+02 2.570000000000000000e+02 2.410000000000000000e+02 2.210000000000000000e+02 1.950000000000000000e+02
0.000000000000000000e+00 3.630000000000000000e+02 3.610000000000000000e+02 3.010000000000000000e+02 2.620000000000000000e+02 2.890000000000000000e+02 3.090000000000000000e+02 2.560000000000000000e+02 2.280000000000000000e+02 2.450000000000000000e+02 2.460000000000000000e+02 2.030000000000000000e+02 2.010000000000000000e+02 1.900000000000000000e+02
0.000000000000000000e+00 3.480000000000000000e+02 3.230000000000000000e+02 2.980000000000000000e+02 3.210000000000000000e+02 2.540000000000000000e+02 2.520000000000000000e+02 2.220000000000000000e+02 2.180000000000000000e+02 1.930000000000000000e+02 2.220000000000000000e+02 2.100000000000000000e+02 1.870000000000000000e+02 1.470000000000000000e+02
0.000000000000000000e+00 3.060000000000000000e+02 2.970000000000000000e+02 2.890000000000000000e+02 2.500000000000000000e+02 2.620000000000000000e+02 2.540000000000000000e+02 2.020000000000000000e+02 2.160000000000000000e+02 2.210000000000000000e+02 2.050000000000000000e+02 2.090000000000000000e+02 1.790000000000000000e+02 1.640000000000000000e+02
0.000000000000000000e+00 2.940000000000000000e+02 3.010000000000000000e+02 2.390000000000000000e+02 2.240000000000000000e+02 2.430000000000000000e+02 1.950000000000000000e+02 1.860000000000000000e+02 1.950000000000000000e+02 1.680000000000000000e+02 1.780000000000000000e+02 1.680000000000000000e+02 1.930000000000000000e+02 1.280000000000000000e+02
0.000000000000000000e+00 2.650000000000000000e+02 2.290000000000000000e+02 2.370000000000000000e+02 2.170000000000000000e+02 2.440000000000000000e+02 1.880000000000000000e+02 1.940000000000000000e+02 1.620000000000000000e+02 1.510000000000000000e+02 1.520000000000000000e+02 1.450000000000000000e+02 1.710000000000000000e+02 1.330000000000000000e+02
