0.000000000000000000e+00 0.000000000000000000e+00 0.000000000000000000e+00 0.000000000000000000e+00 0.000000000000000000e+00 0.000000000000000000e+00 0.000000000000000000e+00 0.000000000000000000e+00 0.000000000000000000e+00 0.000000000000000000e+00 0.000000000000000000e+00 0.000000000000000000e+00 0.000000000000000000e+00 0.000000000000000000e+00
0.000000000000000000e+00 1.245029239766082441e+01 1.273098591549297076e+01 1.280410742496051313e+01 1.272370266479662781e+01 1.273848439821695244e+01 1.279433681073024331e+01 1.277314814814813815e+01 1.274890510948904065e+01 1.305156249999999574e+01 1.303414634146341733e+01 1.301371951219512724e+01 1.282208588957055184e+01 1.305247376311844931e+01
0.000000000000000000e+00 1.188662790697673799e+01 1.185447761194030214e+01 1.180847953216374080e+01 1.199999999999997513e+01 1.190406976744186451e+01 1.156657223796034550e+01 1.184344146685472055e+01 1.181385281385280273e+01 1.197823129251700180e+01 1.205807365439094347e+01 1.205409153952843937e+01 1.207526881720430545e+01 1.201410437235541906e+01
0.000000000000000000e+00 1.050070721357849912e+01 1.051470588235294912e+01 1.092479999999999585e+01 1.081750000000000078e+01 1.092904073587384772e+01 1.096627756160830991e+01 1.087484197218710058e+01 1.091911764705882248e+01 1.084048257372654689e+01 1.090494791666668206e+01 1.098082191780823536e+01 1.081699346405227935e+01 1.100137174211249125e+01
0.000000000000000000e+00 9.691815856777495242e+00 9.709090909090912547e+00 9.836129032258043026e+00 9.916666666666662522e+00 9.921592279855254048e+00 9.839476813317471482e+00 9.970959595959596911e+00 9.729323308270675597e+00 9.917771883289120183e+00 9.961439588688937974e+00 1.005006418485239017e+01 1.004545454545453964e+01 9.937499999999992895e+00
0.000000000000000000e+00 8.752969121140147024e+00 8.761634506242907960e+00 8.753939393939402791e+00 8.877272727272726982e+00 8.755434782608706001e+00 8.821714285714293169e+00 9.223653395784550568e+00 8.911798396334466688e+00 9.119866814650377407e+00 8.890285714285729668e+00 9.014525139664806730e+00 8.824754901960806919e+00 8.932448733413744790e+00
0.000000000000000000e+00 7.587248322147651436e+00 7.844056706652128064e+00 7.704059829059838549e+00 7.911827956989250232e+00 7.940628637951106406e+00 7.684879288437103106e+00 7.919242273180458369e+00 7.908185840707969483e+00 7.960970464135023406e+00 8.212458286985539146e+00 8.059395248380134547e+00 8.113062568605927893e+00 8.015889830508466929e+00
0.000000000000000000e+00 6.899315738025414646e+00 6.910256410256408799e+00 6.838190954773867958e+00 6.891038696537677311e+00 6.966323666978475160e+00 6.936213991769553999e+00 7.104116222760296750e+00 6.965844402277037162e+00 7.072985781990517751e+00 6.882011605415859989e+00 7.166503428011751886e+00 6.940329218106991327e+00 7.064581231079718471e+00
0.000000000000000000e+00 5.793731041456018360e+00 5.876647834274949744e+00 5.960111317254163765e+00 6.052681091251175260e+00 5.848571428571434083e+00 5.877733598409537130e+00 5.775623268698057977e+00 5.956331877729262203e+00 5.985865724381622677e+00 5.944043321299635529e+00 5.882575757575762232e+00 5.990566037735850280e+00 6.121860465116283123e+00
0.000000000000000000e+00 6.544027898866608517e+00 7.113028472821400605e+00 6.689655172413790929e+00 6.859693877551025665e+00 6.797309417040359847e+00 6.520761245674738582e+00 6.630453378956383759e+00 6.670653173873044572e+00 6.746931067044384278e+00 6.842197035745425815e+00 6.850356294536818602e+00 6.798326359832635113e+00 6.171378091872800731e+00
0.000000000000000000e+00 7.541880341880347949e+00 7.301724137931040914e+00 7.634505314799667097e+00 7.262166405023544158e+00 7.272572402044295004e+00 7.824222035323794344e+00 7.524302788844623890e+00 7.248371335504885771e+00 7.589363557105491154e+00 8.109972041006500376e+00 7.656174334140438020e+00 7.239093959731546235e+00 7.406086956521741982e+00
0.000000000000000000e+00 8.304705003734142110e+00 8.331478537360881731e+00 8.071372549019603326e+00 8.273692191053816813e+00 8.752615844544099133e+00 8.527057079318007382e+00 8.373696872493978205e+00 8.326246933769436254e+00 8.050989345509895756e+00 8.425750394944699906e+00 7.884173297966398763e+00 7.961813842482102999e+00 8.337349397590367417e+00
0.000000000000000000e+00 1.011330049261083808e+01 9.314447592067978121e+00 9.080512351326625264e+00 9.581039755351682174e+00 9.121951219512190789e+00 9.101748807631162563e+00 9.020997375328080992e+00 9.137380191693290854e+00 9.344418052256528995e+00 9.080645161290323841e+00 9.366906474820147821e+00 9.565420560747661227e+00 9.093446601941739260e+00
0.000000000000000000e+00 1.049242424242424754e+01 1.107932011331445388e+01 1.001000000000000512e+01 1.034393063583814509e+01 1.105280528052804634e+01 1.012837837837838606e+01 1.139013452914799096e+01 1.081949458483753901e+01 9.763485477178432959e+00 8.665517241379308899e+00 1.005283018867924660e+01 1.005217391304348240e+01 1.024615384615384883e+01
0.000000000000000000e+00 1.182681564245809724e+01 1.259139784946237128e+01 1.110303030303030347e+01 9.999999999999996447e+00 1.367826086956521792e+01 1.119672131147541627e+01 1.258461538461538787e+01 1.100847457627119041e+01 1.250427350427350248e+01 1.150000000000000711e+01 1.082758620689654805e+01 1.093137254901960631e+01 1.151376146788990518e+01
0.000000000000000000e+00 1.282550335570469535e+01 1.255801104972375626e+01 1.350314465408805198e+01 1.286466165413533957e+01 1.253846153846154188e+01 1.299999999999999289e+01 1.277142857142856869e+01 1.275238095238095326e+01 1.126168224299064669e+01 1.242608695652173623e+01 1.286486486486486669e+01 1.208235294117646852e+01 1.281720430107526809e+01
0.000000000000000000e+00 1.376923076923076827e+01 1.364539007092198375e+01 1.342222222222222250e+01 1.359541984732823572e+01 1.479838709677419217e+01 1.386956521739129933e+01 1.294444444444444642e+01 1.405714285714285339e+01 1.464893617021276384e+01 1.434042553191489233e+01 1.280821917808218835e+01 1.512631578947368638e+01 1.393902439024390105e+01
0.000000000000000000e+00 1.557031249999999467e+01 1.352592592592592347e+01 1.462142857142857011e+01 1.697457627118643941e+01 1.433928571428571352e+01 1.511403508771930504e+01 1.450862068965516727e+01 1.530107526881720581e+01 1.207228915662650515e+01 1.469148936170212671e+01 1.550649350649350389e+01 1.526829268292682862e+01 1.497402597402597024e+01
0.000000000000000000e+00 1.600704225352112076e+01 1.754545454545454675e+01 1.821138211382113070e+01 1.584955752212389690e+01 1.580681818181818166e+01 1.666326530612245094e+01 1.806024096385541355e+01 1.541237113402062420e+01 1.594505494505495768e+01 1.560256410256410398e+01 1.435135135135135087e+01 1.652380952380952905e+01 1.650000000000000355e+01
0.000000000000000000e+00 1.846902654867256288e+01 1.789285714285713880e+01 1.809433962264151319e+01 1.794392523364486181e+01 1.733333333333333215e+01 1.805555555555555713e+01 1.862068965517240926e+01 1.677941176470588758e+01 2.023456790123456273e+01 1.817241379310344129e+01 1.822972972972973693e+01 1.658823529411764852e+01 1.792452830188679869e+01
0.000000000000000000e+00 2.007692307692307310e+01 1.931999999999999673e+01 1.961320754716980730e+01 1.953488372093023528e+01 1.929729729729729826e+01 1.895121951219512368e+01 1.972727272727271952e+01 1.915789473684210975e+01 1.918965517241379715e+01 2.008695652173912904e+01 1.962295081967212695e+01 2.057142857142857650e+01 1.994999999999999574e+01
0.000000000000000000e+00 2.100000000000000000e+01 2.100000000000000000e+01 2.100000000000000000e+01 2.100000000000000000e+01 2.100000000000000000e+01 2.100000000000000000e+01 2.100000000000000000e+01 2.100000000000000000e+01 2.100000000000000000e+01 2.100000000000000000e+01 2.100000000000000000e+01 2.100000000000000000e+01 2.100000000000000000e+01
