2.100000000000000000e+01 2.100000000000000000e+01 2.100000000000000000e+01 2.100000000000000000e+01 2.100000000000000000e+01 2.100000000000000000e+01 2.100000000000000000e+01 2.100000000000000000e+01 2.100000000000000000e+01 2.100000000000000000e+01 2.100000000000000000e+01 2.100000000000000000e+01 2.100000000000000000e+01 2.100000000000000000e+01
2.000000000000000000e+01 1.208904109589040843e+01 1.107438016528925573e+01 1.173144876325087793e+01 1.138461538461538325e+01 1.258215962441313529e+01 1.281105990783409609e+01 1.276150627615061950e+01 1.439849624060150113e+01 1.243027888446214746e+01 1.366153846153846985e+01 1.277511961722488998e+01 1.205438066465256952e+01 1.000000000000000178e+01
1.900000000000000000e+01 1.229357798165137439e+01 1.262499999999999289e+01 1.233766233766233889e+01 1.291999999999999638e+01 1.261603375527426252e+01 1.238095238095238138e+01 1.377358490566037297e+01 1.446721311475409166e+01 1.335793357933579983e+01 1.212927756653992439e+01 1.153153153153152388e+01 1.058558558558558005e+01 1.004545454545454497e+01
1.800000000000000000e+01 1.122448979591836959e+01 1.150375939849623919e+01 1.314496314496313900e+01 1.192439862542955176e+01 1.239179954441914155e+01 1.374468085106381920e+01 1.388888888888889284e+01 1.495744680851063535e+01 1.248299319727890655e+01 1.360360360360359877e+01 1.215447154471543811e+01 1.100746268656716431e+01 1.008097165991903132e+01
1.700000000000000000e+01 1.134057971014493305e+01 1.205882352941176805e+01 1.255319148936169604e+01 1.186274509803920196e+01 1.134831460674157277e+01 1.226804123711339933e+01 1.422939068100358107e+01 1.355871886120996628e+01 1.428571428571428648e+01 1.255813953488372370e+01 1.146718146718146158e+01 1.174193548387097685e+01 1.014285714285714590e+01
1.600000000000000000e+01 1.173913043478261464e+01 1.203309692671394870e+01 1.263291139240505778e+01 1.200000000000000178e+01 1.287822878228782209e+01 1.155709342560553665e+01 1.421875000000000711e+01 1.386292834890965331e+01 1.327338129496403241e+01 1.215277777777778034e+01 1.160919540229884994e+01 1.090566037735849036e+01 1.126582278481012978e+01
1.500000000000000000e+01 1.081911262798634432e+01 1.090592334494773041e+01 1.135384615384615969e+01 1.135714285714286298e+01 1.209790209790209481e+01 1.225663716814158732e+01 1.267045454545455030e+01 1.346268656716417844e+01 1.253164556962025067e+01 1.204472843450478514e+01 1.149206349206349742e+01 1.138009049773755521e+01 9.692307692307696954e+00
1.400000000000000000e+01 1.024324324324323499e+01 1.129909365558912882e+01 1.090090090090089703e+01 1.096209912536443554e+01 1.224188790560472384e+01 1.227272727272728048e+01 1.344086021505375861e+01 1.347962382445141571e+01 1.261146496815286966e+01 1.077994428969359220e+01 1.162721893491123559e+01 1.028368794326242153e+01 1.018348623853210810e+01
1.300000000000000000e+01 1.084142394822006494e+01 1.048648648648648773e+01 1.156424581005586916e+01 1.231428571428571317e+01 1.173374613003096201e+01 1.121710526315789380e+01 1.267441860465115866e+01 1.249169435215947033e+01 1.226190476190474854e+01 1.082386363636362958e+01 1.112947658402203466e+01 1.233333333333333215e+01 1.007653061224489655e+01
1.200000000000000000e+01 1.056994818652849943e+01 1.089020771513353658e+01 1.079691516709511312e+01 1.056410256410256920e+01 1.142076502732240328e+01 1.207602339181286588e+01 1.386634844868735783e+01 1.332344213649851561e+01 1.331887201735357706e+01 1.232686980609418548e+01 1.080213903743315562e+01 1.079787234042553656e+01 9.626666666666661598e+00
1.100000000000000000e+01 1.120104438642297495e+01 1.094594594594594561e+01 1.306329113924050844e+01 1.245856353591159937e+01 1.395161290322579895e+01 1.314070351758793898e+01 1.431492842535787524e+01 1.512987012987014168e+01 1.289405684754522241e+01 1.275626423690204803e+01 1.180751173708921264e+01 1.076923076923077183e+01 1.019125683060109644e+01
1.000000000000000000e+01 1.215500945179584313e+01 1.157043879907621253e+01 1.193384223918575238e+01 1.250000000000000355e+01 1.306976744186045813e+01 1.259825327510917425e+01 1.389521640091116694e+01 1.386694386694387582e+01 1.379227053140097325e+01 1.279999999999999893e+01 1.198369565217391575e+01 1.152354570637119835e+01 1.018099547511313041e+01
9.000000000000000000e+00 1.305410122164049191e+01 1.331818181818181834e+01 1.305439330543933174e+01 1.275053304904051110e+01 1.348360655737704761e+01 1.318112633181127080e+01 1.432900432900433074e+01 1.487297921478060125e+01 1.407673860911270047e+01 1.307692307692307310e+01 1.246411483253587704e+01 1.197994987468671368e+01 1.144549763033175260e+01
8.000000000000000000e+00 1.280534351145038485e+01 1.185639229422066698e+01 1.388384754990925174e+01 1.349112426035502033e+01 1.330097087378640808e+01 1.380457380457380445e+01 1.496788008565310690e+01 1.459183673469387266e+01 1.374074074074073692e+01 1.299349240780910542e+01 1.291489361702126715e+01 1.190274841437632425e+01 1.144404332129962398e+01
7.000000000000000000e+00 1.347188264058679330e+01 1.424920127795526170e+01 1.442073170731707776e+01 1.398416886543536464e+01 1.603508771929824661e+01 1.566666666666666785e+01 1.560344827586205696e+01 1.617834394904459216e+01 1.427854454203261803e+01 1.375342465753423760e+01 1.429065743944638101e+01 1.153846153846153832e+01 1.198717948717949255e+01
6.000000000000000000e+00 1.339488636363636154e+01 1.279069767441860606e+01 1.346774193548387721e+01 1.351515151515151736e+01 1.500000000000000000e+01 1.412541254125411072e+01 1.432258064516128471e+01 1.560509554140127975e+01 1.356353591160219985e+01 1.360482654600301800e+01 1.311392405063290845e+01 1.261904761904762395e+01 1.086827458256029644e+01
5.000000000000000000e+00 1.092338308457709850e+01 1.024390243902439046e+01 1.064892623716152542e+01 1.106565176022836106e+01 1.121575984990619546e+01 1.170003281916640603e+01 1.208201892744480865e+01 1.262185891613687261e+01 1.170512820512818131e+01 1.108868299139640889e+01 1.092082908596670698e+01 9.566473988439307519e+00 9.114703618167823151e+00
4.000000000000000000e+00 9.001474615546699809e+00 8.510208660533985281e+00 8.589289926869543734e+00 8.551724137931033809e+00 8.492187500000033751e+00 8.988396310621832086e+00 9.674940898345152362e+00 1.047589229805888600e+01 9.688524590163931194e+00 8.810663021189332866e+00 9.002161383285313789e+00 8.267655091689428914e+00 7.679376793767947795e+00
3.000000000000000000e+00 6.659909909909922376e+00 6.528056112224452256e+00 6.569398629789394484e+00 5.904269785150927596e+00 6.055019852524106128e+00 7.032277346084881309e+00 7.563106796116505492e+00 8.519262981574563298e+00 7.059245960502695816e+00 7.316341829085449611e+00 6.506849315068496509e+00 6.288368336025848215e+00 5.994962216624674767e+00
2.000000000000000000e+00 4.951195705222062315e+00 5.030303030303045375e+00 4.759640781827782163e+00 4.409864944216087324e+00 4.412736557524791436e+00 4.138607388035303813e+00 5.202120609675286111e+00 6.025148445686340004e+00 5.482682387619746578e+00 5.048732943469793177e+00 4.879903923138503963e+00 4.802494802494800652e+00 4.204176334106731083e+00
1.000000000000000000e+00 3.753409710856526083e+00 3.268744734625103288e+00 2.978339350180495781e+00 2.669767441860464441e+00 2.447506561679788195e+00 2.482882882882882392e+00 2.738904438224705196e+00 3.736903376018620548e+00 3.093065693430662400e+00 3.034278459585269871e+00 3.055307760927731486e+00 2.767475035663333749e+00 2.662601626016264156e+00
0.000000000000000000e+00 1.921728971962621380e+00 1.612507664009809716e+00 1.432200698634485958e+00 1.470492337789369275e+00 1.412292817679559276e+00 1.201310520567890006e+00 1.196714900273756932e+00 1.410199556541021915e+00 1.390546122074345803e+00 1.209044762344258395e+00 1.117397454031121340e+00 9.742828882294767290e-01 9.271523178807952181e-01
