0.000000000000000000e+00 0.000000000000000000e+00 0.000000000000000000e+00 0.000000000000000000e+00 0.000000000000000000e+00 0.000000000000000000e+00 0.000000000000000000e+00 0.000000000000000000e+00 0.000000000000000000e+00 0.000000000000000000e+00 0.000000000000000000e+00 0.000000000000000000e+00 0.000000000000000000e+00 0.000000000000000000e+00
0.000000000000000000e+00 4.510000000000000000e+02 6.830000000000000000e+02 6.370000000000000000e+02 6.660000000000000000e+02 6.710000000000000000e+02 6.540000000000000000e+02 6.630000000000000000e+02 6.440000000000000000e+02 6.970000000000000000e+02 6.040000000000000000e+02 6.600000000000000000e+02 6.300000000000000000e+02 6.920000000000000000e+02
0.000000000000000000e+00 6.680000000000000000e+02 5.210000000000000000e+02 6.850000000000000000e+02 6.950000000000000000e+02 6.420000000000000000e+02 6.680000000000000000e+02 6.230000000000000000e+02 6.870000000000000000e+02 5.620000000000000000e+02 6.350000000000000000e+02 6.150000000000000000e+02 6.980000000000000000e+02 6.560000000000000000e+02
0.000000000000000000e+00 7.670000000000000000e+02 7.160000000000000000e+02 5.160000000000000000e+02 7.390000000000000000e+02 6.810000000000000000e+02 7.730000000000000000e+02 7.370000000000000000e+02 6.610000000000000000e+02 7.280000000000000000e+02 6.510000000000000000e+02 7.100000000000000000e+02 8.030000000000000000e+02 7.690000000000000000e+02
0.000000000000000000e+00 7.840000000000000000e+02 7.430000000000000000e+02 7.660000000000000000e+02 6.310000000000000000e+02 8.350000000000000000e+02 8.020000000000000000e+02 8.000000000000000000e+02 7.770000000000000000e+02 8.030000000000000000e+02 8.030000000000000000e+02 8.150000000000000000e+02 7.680000000000000000e+02 8.550000000000000000e+02
0.000000000000000000e+00 8.670000000000000000e+02 8.300000000000000000e+02 8.070000000000000000e+02 9.070000000000000000e+02 7.200000000000000000e+02 8.760000000000000000e+02 9.040000000000000000e+02 8.580000000000000000e+02 8.940000000000000000e+02 9.100000000000000000e+02 8.610000000000000000e+02 8.830000000000000000e+02 8.480000000000000000e+02
0.000000000000000000e+00 8.840000000000000000e+02 9.200000000000000000e+02 8.950000000000000000e+02 8.680000000000000000e+02 8.730000000000000000e+02 7.150000000000000000e+02 8.640000000000000000e+02 8.530000000000000000e+02 9.220000000000000000e+02 8.870000000000000000e+02 9.750000000000000000e+02 8.650000000000000000e+02 8.670000000000000000e+02
0.000000000000000000e+00 9.190000000000000000e+02 1.017000000000000000e+03 9.600000000000000000e+02 9.790000000000000000e+02 1.029000000000000000e+03 9.780000000000000000e+02 8.180000000000000000e+02 1.019000000000000000e+03 9.870000000000000000e+02 9.600000000000000000e+02 9.550000000000000000e+02 9.240000000000000000e+02 9.780000000000000000e+02
0.000000000000000000e+00 1.084000000000000000e+03 1.035000000000000000e+03 1.028000000000000000e+03 1.080000000000000000e+03 1.068000000000000000e+03 1.038000000000000000e+03 1.109000000000000000e+03 8.830000000000000000e+02 9.520000000000000000e+02 1.046000000000000000e+03 1.010000000000000000e+03 1.000000000000000000e+03 1.059000000000000000e+03
0.000000000000000000e+00 1.112000000000000000e+03 1.123000000000000000e+03 1.114000000000000000e+03 1.099000000000000000e+03 1.129000000000000000e+03 1.141000000000000000e+03 1.098000000000000000e+03 1.161000000000000000e+03 8.810000000000000000e+02 1.086000000000000000e+03 1.071000000000000000e+03 1.134000000000000000e+03 1.146000000000000000e+03
0.000000000000000000e+00 1.155000000000000000e+03 1.162000000000000000e+03 1.186000000000000000e+03 1.216000000000000000e+03 1.233000000000000000e+03 1.208000000000000000e+03 1.159000000000000000e+03 1.141000000000000000e+03 1.145000000000000000e+03 1.059000000000000000e+03 1.227000000000000000e+03 1.171000000000000000e+03 1.215000000000000000e+03
0.000000000000000000e+00 1.239000000000000000e+03 1.322000000000000000e+03 1.222000000000000000e+03 1.294000000000000000e+03 1.277000000000000000e+03 1.297000000000000000e+03 1.294000000000000000e+03 1.229000000000000000e+03 1.239000000000000000e+03 1.250000000000000000e+03 1.092000000000000000e+03 1.093000000000000000e+03 1.339000000000000000e+03
0.000000000000000000e+00 1.328000000000000000e+03 1.359000000000000000e+03 1.364000000000000000e+03 1.379000000000000000e+03 1.401000000000000000e+03 1.264000000000000000e+03 1.409000000000000000e+03 1.363000000000000000e+03 1.320000000000000000e+03 1.382000000000000000e+03 1.321000000000000000e+03 1.229000000000000000e+03 1.401000000000000000e+03
0.000000000000000000e+00 1.521000000000000000e+03 1.457000000000000000e+03 1.439000000000000000e+03 1.535000000000000000e+03 1.546000000000000000e+03 1.490000000000000000e+03 1.469000000000000000e+03 1.504000000000000000e+03 1.464000000000000000e+03 1.461000000000000000e+03 1.513000000000000000e+03 1.473000000000000000e+03 1.306000000000000000e+03
0.000000000000000000e+00 9.100000000000000000e+02 8.970000000000000000e+02 8.800000000000000000e+02 9.130000000000000000e+02 9.400000000000000000e+02 8.990000000000000000e+02 8.020000000000000000e+02 9.000000000000000000e+02 5.290000000000000000e+02 8.290000000000000000e+02 8.990000000000000000e+02 8.650000000000000000e+02 9.530000000000000000e+02
0.000000000000000000e+00 7.580000000000000000e+02 2.070000000000000000e+02 8.740000000000000000e+02 9.070000000000000000e+02 9.490000000000000000e+02 9.500000000000000000e+02 9.400000000000000000e+02 9.130000000000000000e+02 1.500000000000000000e+02 6.340000000000000000e+02 8.140000000000000000e+02 9.160000000000000000e+02 1.940000000000000000e+02
0.000000000000000000e+00 1.920000000000000000e+02 1.730000000000000000e+02 1.670000000000000000e+02 1.690000000000000000e+02 8.900000000000000000e+02 6.450000000000000000e+02 1.420000000000000000e+02 1.370000000000000000e+02 1.240000000000000000e+02 1.500000000000000000e+02 1.310000000000000000e+02 1.130000000000000000e+02 1.110000000000000000e+02
0.000000000000000000e+00 1.640000000000000000e+02 1.850000000000000000e+02 1.560000000000000000e+02 1.350000000000000000e+02 1.590000000000000000e+02 1.870000000000000000e+02 1.470000000000000000e+02 1.250000000000000000e+02 1.080000000000000000e+02 1.290000000000000000e+02 1.040000000000000000e+02 1.070000000000000000e+02 1.030000000000000000e+02
0.000000000000000000e+00 1.710000000000000000e+02 1.920000000000000000e+02 1.560000000000000000e+02 1.780000000000000000e+02 1.370000000000000000e+02 1.360000000000000000e+02 1.140000000000000000e+02 1.140000000000000000e+02 9.300000000000000000e+01 1.020000000000000000e+02 1.120000000000000000e+02 9.900000000000000000e+01 8.700000000000000000e+01
0.000000000000000000e+00 1.610000000000000000e+02 1.390000000000000000e+02 1.590000000000000000e+02 1.260000000000000000e+02 1.460000000000000000e+02 1.300000000000000000e+02 1.040000000000000000e+02 1.190000000000000000e+02 1.170000000000000000e+02 1.100000000000000000e+02 1.190000000000000000e+02 1.040000000000000000e+02 8.800000000000000000e+01
0.000000000000000000e+00 1.420000000000000000e+02 1.650000000000000000e+02 1.140000000000000000e+02 1.210000000000000000e+02 1.360000000000000000e+02 1.010000000000000000e+02 9.500000000000000000e+01 9.900000000000000000e+01 9.100000000000000000e+01 9.800000000000000000e+01 9.300000000000000000e+01 1.040000000000000000e+02 6.900000000000000000e+01
0.000000000000000000e+00 1.300000000000000000e+02 1.090000000000000000e+02 1.280000000000000000e+02 1.070000000000000000e+02 1.260000000000000000e+02 1.010000000000000000e+02 1.090000000000000000e+02 7.100000000000000000e+01 6.300000000000000000e+01 6.800000000000000000e+01 8.200000000000000000e+01 8.600000000000000000e+01 6.900000000000000000e+01
