0.000000000000000000e+00 0.000000000000000000e+00 0.000000000000000000e+00 0.000000000000000000e+00 0.000000000000000000e+00 0.000000000000000000e+00 0.000000000000000000e+00 0.000000000000000000e+00 0.000000000000000000e+00 0.000000000000000000e+00 0.000000000000000000e+00 0.000000000000000000e+00 0.000000000000000000e+00 0.000000000000000000e+00
0.000000000000000000e+00 5.130000000000000000e+02 7.100000000000000000e+02 6.330000000000000000e+02 7.130000000000000000e+02 6.730000000000000000e+02 6.710000000000000000e+02 6.480000000000000000e+02 6.850000000000000000e+02 6.400000000000000000e+02 6.150000000000000000e+02 6.560000000000000000e+02 6.520000000000000000e+02 6.670000000000000000e+02
0.000000000000000000e+00 6.880000000000000000e+02 5.360000000000000000e+02 6.840000000000000000e+02 7.360000000000000000e+02 6.880000000000000000e+02 7.060000000000000000e+02 7.090000000000000000e+02 6.930000000000000000e+02 7.350000000000000000e+02 7.060000000000000000e+02 7.210000000000000000e+02 6.510000000000000000e+02 7.090000000000000000e+02
0.000000000000000000e+00 7.070000000000000000e+02 7.480000000000000000e+02 6.250000000000000000e+02 8.000000000000000000e+02 7.610000000000000000e+02 7.710000000000000000e+02 7.910000000000000000e+02 8.160000000000000000e+02 7.460000000000000000e+02 7.680000000000000000e+02 7.300000000000000000e+02 7.650000000000000000e+02 7.290000000000000000e+02
0.000000000000000000e+00 7.820000000000000000e+02 8.250000000000000000e+02 7.750000000000000000e+02 6.480000000000000000e+02 8.290000000000000000e+02 8.410000000000000000e+02 7.920000000000000000e+02 7.980000000000000000e+02 7.540000000000000000e+02 7.780000000000000000e+02 7.790000000000000000e+02 7.700000000000000000e+02 8.000000000000000000e+02
0.000000000000000000e+00 8.420000000000000000e+02 8.810000000000000000e+02 8.250000000000000000e+02 8.800000000000000000e+02 7.360000000000000000e+02 8.750000000000000000e+02 8.540000000000000000e+02 8.730000000000000000e+02 9.010000000000000000e+02 8.750000000000000000e+02 8.950000000000000000e+02 8.160000000000000000e+02 8.290000000000000000e+02
0.000000000000000000e+00 8.940000000000000000e+02 9.170000000000000000e+02 9.360000000000000000e+02 9.300000000000000000e+02 8.590000000000000000e+02 7.870000000000000000e+02 1.003000000000000000e+03 9.040000000000000000e+02 9.480000000000000000e+02 8.990000000000000000e+02 9.260000000000000000e+02 9.110000000000000000e+02 9.440000000000000000e+02
0.000000000000000000e+00 1.023000000000000000e+03 1.014000000000000000e+03 9.950000000000000000e+02 9.820000000000000000e+02 1.069000000000000000e+03 9.720000000000000000e+02 8.260000000000000000e+02 1.054000000000000000e+03 1.055000000000000000e+03 1.034000000000000000e+03 1.021000000000000000e+03 9.720000000000000000e+02 9.910000000000000000e+02
0.000000000000000000e+00 9.890000000000000000e+02 1.062000000000000000e+03 1.078000000000000000e+03 1.063000000000000000e+03 1.050000000000000000e+03 1.006000000000000000e+03 1.083000000000000000e+03 9.160000000000000000e+02 1.132000000000000000e+03 1.108000000000000000e+03 1.056000000000000000e+03 1.060000000000000000e+03 1.075000000000000000e+03
0.000000000000000000e+00 1.147000000000000000e+03 1.159000000000000000e+03 1.160000000000000000e+03 1.176000000000000000e+03 1.115000000000000000e+03 1.156000000000000000e+03 1.169000000000000000e+03 1.087000000000000000e+03 1.059000000000000000e+03 1.147000000000000000e+03 1.263000000000000000e+03 1.195000000000000000e+03 1.132000000000000000e+03
0.000000000000000000e+00 1.170000000000000000e+03 1.276000000000000000e+03 1.223000000000000000e+03 1.274000000000000000e+03 1.174000000000000000e+03 1.189000000000000000e+03 1.255000000000000000e+03 1.228000000000000000e+03 1.147000000000000000e+03 1.073000000000000000e+03 1.239000000000000000e+03 1.192000000000000000e+03 1.150000000000000000e+03
0.000000000000000000e+00 1.339000000000000000e+03 1.258000000000000000e+03 1.275000000000000000e+03 1.319000000000000000e+03 1.338000000000000000e+03 1.349000000000000000e+03 1.247000000000000000e+03 1.223000000000000000e+03 1.314000000000000000e+03 1.266000000000000000e+03 1.131000000000000000e+03 1.257000000000000000e+03 1.245000000000000000e+03
0.000000000000000000e+00 4.060000000000000000e+02 3.530000000000000000e+02 1.093000000000000000e+03 3.270000000000000000e+02 3.280000000000000000e+02 6.290000000000000000e+02 3.810000000000000000e+02 6.260000000000000000e+02 4.210000000000000000e+02 3.100000000000000000e+02 5.560000000000000000e+02 2.140000000000000000e+02 8.240000000000000000e+02
0.000000000000000000e+00 3.960000000000000000e+02 3.530000000000000000e+02 4.000000000000000000e+02 3.460000000000000000e+02 3.030000000000000000e+02 2.960000000000000000e+02 2.230000000000000000e+02 2.770000000000000000e+02 2.410000000000000000e+02 2.900000000000000000e+02 2.650000000000000000e+02 2.300000000000000000e+02 1.950000000000000000e+02
0.000000000000000000e+00 1.790000000000000000e+02 1.860000000000000000e+02 1.650000000000000000e+02 1.350000000000000000e+02 1.150000000000000000e+02 1.220000000000000000e+02 1.300000000000000000e+02 1.180000000000000000e+02 1.170000000000000000e+02 1.040000000000000000e+02 1.160000000000000000e+02 1.020000000000000000e+02 1.090000000000000000e+02
0.000000000000000000e+00 1.490000000000000000e+02 1.810000000000000000e+02 1.590000000000000000e+02 1.330000000000000000e+02 1.170000000000000000e+02 1.440000000000000000e+02 1.050000000000000000e+02 1.050000000000000000e+02 1.070000000000000000e+02 1.150000000000000000e+02 1.110000000000000000e+02 8.500000000000000000e+01 9.300000000000000000e+01
0.000000000000000000e+00 1.560000000000000000e+02 1.410000000000000000e+02 1.350000000000000000e+02 1.310000000000000000e+02 1.240000000000000000e+02 1.150000000000000000e+02 7.200000000000000000e+01 1.050000000000000000e+02 9.400000000000000000e+01 9.400000000000000000e+01 7.300000000000000000e+01 9.500000000000000000e+01 8.200000000000000000e+01
0.000000000000000000e+00 1.280000000000000000e+02 1.350000000000000000e+02 1.400000000000000000e+02 1.180000000000000000e+02 1.120000000000000000e+02 1.140000000000000000e+02 1.160000000000000000e+02 9.300000000000000000e+01 8.300000000000000000e+01 9.400000000000000000e+01 7.700000000000000000e+01 8.200000000000000000e+01 7.700000000000000000e+01
0.000000000000000000e+00 1.420000000000000000e+02 1.100000000000000000e+02 1.230000000000000000e+02 1.130000000000000000e+02 8.800000000000000000e+01 9.800000000000000000e+01 8.300000000000000000e+01 9.700000000000000000e+01 9.100000000000000000e+01 7.800000000000000000e+01 7.400000000000000000e+01 6.300000000000000000e+01 6.200000000000000000e+01
0.000000000000000000e+00 1.130000000000000000e+02 1.120000000000000000e+02 1.060000000000000000e+02 1.070000000000000000e+02 9.000000000000000000e+01 9.000000000000000000e+01 8.700000000000000000e+01 6.800000000000000000e+01 8.100000000000000000e+01 5.800000000000000000e+01 7.400000000000000000e+01 5.100000000000000000e+01 5.300000000000000000e+01
0.000000000000000000e+00 9.100000000000000000e+01 1.000000000000000000e+02 1.060000000000000000e+02 8.600000000000000000e+01 7.400000000000000000e+01 8.200000000000000000e+01 6.600000000000000000e+01 5.700000000000000000e+01 5.800000000000000000e+01 6.900000000000000000e+01 6.100000000000000000e+01 4.900000000000000000e+01 6.000000000000000000e+01
0.000000000000000000e+00 9.000000000000000000e+01 7.900000000000000000e+01 1.030000000000000000e+02 8.500000000000000000e+01 6.900000000000000000e+01 6.600000000000000000e+01 7.000000000000000000e+01 6.300000000000000000e+01 4.300000000000000000e+01 4.300000000000000000e+01 5.700000000000000000e+01 3.000000000000000000e+01 5.300000000000000000e+01
