0.000000000000000000e+00 0.000000000000000000e+00 0.000000000000000000e+00 0.000000000000000000e+00 0.000000000000000000e+00 0.000000000000000000e+00 0.000000000000000000e+00 0.000000000000000000e+00 0.000000000000000000e+00 0.000000000000000000e+00 0.000000000000000000e+00 0.000000000000000000e+00 0.000000000000000000e+00 0.000000000000000000e+00
0.000000000000000000e+00 1.120000000000000000e+02 1.810000000000000000e+02 1.290000000000000000e+02 1.860000000000000000e+02 1.600000000000000000e+02 1.660000000000000000e+02 1.290000000000000000e+02 1.820000000000000000e+02 1.490000000000000000e+02 1.440000000000000000e+02 2.060000000000000000e+02 2.870000000000000000e+02 4.300000000000000000e+02
0.000000000000000000e+00 2.920000000000000000e+02 1.270000000000000000e+02 1.780000000000000000e+02 3.240000000000000000e+02 1.750000000000000000e+02 1.490000000000000000e+02 2.530000000000000000e+02 1.760000000000000000e+02 2.510000000000000000e+02 1.640000000000000000e+02 1.410000000000000000e+02 1.820000000000000000e+02 1.640000000000000000e+02
0.000000000000000000e+00 1.570000000000000000e+02 1.620000000000000000e+02 1.460000000000000000e+02 1.850000000000000000e+02 1.720000000000000000e+02 3.350000000000000000e+02 2.980000000000000000e+02 2.220000000000000000e+02 2.640000000000000000e+02 1.940000000000000000e+02 1.870000000000000000e+02 1.800000000000000000e+02 1.520000000000000000e+02
0.000000000000000000e+00 1.760000000000000000e+02 2.120000000000000000e+02 2.460000000000000000e+02 1.560000000000000000e+02 1.960000000000000000e+02 1.820000000000000000e+02 1.510000000000000000e+02 2.130000000000000000e+02 3.090000000000000000e+02 1.800000000000000000e+02 2.150000000000000000e+02 1.630000000000000000e+02 2.940000000000000000e+02
0.000000000000000000e+00 2.380000000000000000e+02 2.350000000000000000e+02 2.210000000000000000e+02 2.280000000000000000e+02 1.680000000000000000e+02 2.280000000000000000e+02 2.440000000000000000e+02 3.260000000000000000e+02 1.900000000000000000e+02 1.940000000000000000e+02 2.190000000000000000e+02 1.820000000000000000e+02 1.710000000000000000e+02
0.000000000000000000e+00 3.230000000000000000e+02 2.060000000000000000e+02 2.590000000000000000e+02 2.250000000000000000e+02 2.280000000000000000e+02 2.300000000000000000e+02 2.020000000000000000e+02 2.140000000000000000e+02 2.350000000000000000e+02 2.500000000000000000e+02 1.900000000000000000e+02 1.770000000000000000e+02 1.870000000000000000e+02
0.000000000000000000e+00 2.260000000000000000e+02 1.870000000000000000e+02 2.600000000000000000e+02 2.420000000000000000e+02 1.870000000000000000e+02 2.240000000000000000e+02 1.840000000000000000e+02 2.250000000000000000e+02 1.970000000000000000e+02 2.220000000000000000e+02 2.520000000000000000e+02 2.230000000000000000e+02 2.100000000000000000e+02
0.000000000000000000e+00 2.620000000000000000e+02 2.280000000000000000e+02 2.610000000000000000e+02 2.200000000000000000e+02 2.240000000000000000e+02 2.730000000000000000e+02 2.760000000000000000e+02 1.880000000000000000e+02 2.770000000000000000e+02 2.970000000000000000e+02 2.570000000000000000e+02 2.080000000000000000e+02 2.220000000000000000e+02
0.000000000000000000e+00 4.310000000000000000e+02 2.620000000000000000e+02 2.400000000000000000e+02 2.660000000000000000e+02 2.550000000000000000e+02 2.330000000000000000e+02 3.100000000000000000e+02 2.360000000000000000e+02 2.420000000000000000e+02 2.420000000000000000e+02 2.310000000000000000e+02 2.450000000000000000e+02 2.940000000000000000e+02
0.000000000000000000e+00 2.940000000000000000e+02 2.620000000000000000e+02 2.890000000000000000e+02 2.290000000000000000e+02 2.590000000000000000e+02 2.450000000000000000e+02 2.330000000000000000e+02 2.920000000000000000e+02 2.600000000000000000e+02 2.350000000000000000e+02 2.540000000000000000e+02 2.890000000000000000e+02 2.860000000000000000e+02
0.000000000000000000e+00 4.740000000000000000e+02 2.850000000000000000e+02 2.830000000000000000e+02 2.880000000000000000e+02 3.390000000000000000e+02 2.840000000000000000e+02 2.860000000000000000e+02 3.120000000000000000e+02 3.100000000000000000e+02 2.800000000000000000e+02 2.570000000000000000e+02 2.600000000000000000e+02 3.710000000000000000e+02
0.000000000000000000e+00 3.070000000000000000e+02 3.070000000000000000e+02 2.950000000000000000e+02 3.270000000000000000e+02 3.190000000000000000e+02 5.660000000000000000e+02 2.590000000000000000e+02 3.420000000000000000e+02 3.030000000000000000e+02 2.870000000000000000e+02 3.460000000000000000e+02 2.470000000000000000e+02 3.260000000000000000e+02
0.000000000000000000e+00 3.570000000000000000e+02 3.140000000000000000e+02 3.930000000000000000e+02 3.340000000000000000e+02 3.810000000000000000e+02 3.290000000000000000e+02 3.610000000000000000e+02 4.630000000000000000e+02 5.410000000000000000e+02 3.640000000000000000e+02 3.290000000000000000e+02 3.280000000000000000e+02 3.760000000000000000e+02
0.000000000000000000e+00 2.050000000000000000e+02 2.540000000000000000e+02 3.030000000000000000e+02 2.010000000000000000e+02 3.160000000000000000e+02 2.520000000000000000e+02 4.930000000000000000e+02 3.560000000000000000e+02 2.250000000000000000e+02 1.880000000000000000e+02 2.160000000000000000e+02 1.910000000000000000e+02 1.960000000000000000e+02
0.000000000000000000e+00 3.488000000000000000e+03 2.220000000000000000e+02 2.530000000000000000e+02 2.320000000000000000e+02 2.020000000000000000e+02 2.630000000000000000e+02 2.090000000000000000e+02 2.270000000000000000e+02 5.310000000000000000e+02 2.220000000000000000e+02 2.670000000000000000e+02 2.410000000000000000e+02 1.740000000000000000e+02
0.000000000000000000e+00 3.205000000000000000e+03 3.123000000000000000e+03 2.599000000000000000e+03 2.803000000000000000e+03 2.115000000000000000e+03 1.877000000000000000e+03 2.316000000000000000e+03 2.151000000000000000e+03 2.138000000000000000e+03 2.183000000000000000e+03 1.990000000000000000e+03 1.875000000000000000e+03 1.762000000000000000e+03
0.000000000000000000e+00 2.994000000000000000e+03 3.002000000000000000e+03 2.773000000000000000e+03 2.675000000000000000e+03 2.471000000000000000e+03 2.367000000000000000e+03 2.189000000000000000e+03 2.102000000000000000e+03 2.045000000000000000e+03 2.074000000000000000e+03 1.875000000000000000e+03 1.829000000000000000e+03 1.736000000000000000e+03
0.000000000000000000e+00 2.880000000000000000e+03 2.782000000000000000e+03 2.652000000000000000e+03 2.566000000000000000e+03 2.348000000000000000e+03 2.208000000000000000e+03 2.151000000000000000e+03 1.982000000000000000e+03 1.798000000000000000e+03 1.874000000000000000e+03 1.785000000000000000e+03 1.737000000000000000e+03 1.623000000000000000e+03
0.000000000000000000e+00 2.649000000000000000e+03 2.871000000000000000e+03 2.448000000000000000e+03 2.404000000000000000e+03 2.327000000000000000e+03 2.097000000000000000e+03 1.970000000000000000e+03 1.890000000000000000e+03 1.743000000000000000e+03 1.771000000000000000e+03 1.685000000000000000e+03 1.636000000000000000e+03 1.506000000000000000e+03
0.000000000000000000e+00 2.471000000000000000e+03 2.361000000000000000e+03 2.330000000000000000e+03 2.209000000000000000e+03 2.012000000000000000e+03 1.943000000000000000e+03 1.764000000000000000e+03 1.708000000000000000e+03 1.592000000000000000e+03 1.635000000000000000e+03 1.505000000000000000e+03 1.460000000000000000e+03 1.411000000000000000e+03
0.000000000000000000e+00 2.281000000000000000e+03 2.222000000000000000e+03 2.166000000000000000e+03 1.972000000000000000e+03 2.002000000000000000e+03 1.781000000000000000e+03 1.582000000000000000e+03 1.559000000000000000e+03 1.478000000000000000e+03 1.408000000000000000e+03 1.446000000000000000e+03 1.417000000000000000e+03 1.263000000000000000e+03
