0.000000000000000000e+00 0.000000000000000000e+00 0.000000000000000000e+00 0.000000000000000000e+00 0.000000000000000000e+00 0.000000000000000000e+00 0.000000000000000000e+00 0.000000000000000000e+00 0.000000000000000000e+00 0.000000000000000000e+00 0.000000000000000000e+00 0.000000000000000000e+00 0.000000000000000000e+00 0.000000000000000000e+00
0.000000000000000000e+00 1.152173913043477960e+01 9.905660377358490365e+00 1.129310344827586121e+01 1.096153846153845990e+01 1.145833333333333215e+01 1.326086956521739246e+01 1.322033898305085309e+01 1.272727272727272840e+01 1.326388888888888751e+01 1.019230769230769340e+01 1.250000000000000000e+01 9.464285714285715301e+00 1.050000000000000000e+01
0.000000000000000000e+00 1.231707317073170671e+01 1.008771929824561298e+01 1.217391304347825987e+01 1.369565217391304301e+01 1.199999999999999822e+01 8.596491228070171076e+00 1.456521739130434767e+01 1.218181818181817988e+01 1.068965517241379359e+01 1.258333333333333215e+01 1.149122807017543657e+01 1.017543859649122595e+01 1.057692307692307310e+01
0.000000000000000000e+00 1.283783783783783861e+01 9.999999999999998224e+00 9.117647058823527217e+00 1.122950819672131040e+01 1.198275862068965480e+01 1.425000000000000178e+01 1.416666666666666607e+01 1.391891891891891930e+01 1.125000000000000178e+01 1.037037037037037379e+01 1.088709677419354804e+01 1.245762711864406747e+01 9.274193548387099639e+00
0.000000000000000000e+00 1.215277777777778034e+01 1.022058823529411775e+01 1.067307692307692335e+01 1.062499999999999822e+01 1.219999999999999929e+01 1.282894736842105488e+01 1.254716981132075482e+01 1.450980392156862742e+01 1.423076923076922995e+01 1.103658536585365546e+01 1.327272727272727160e+01 1.079365079365079261e+01 1.185185185185185297e+01
0.000000000000000000e+00 1.187499999999999645e+01 8.442622950819671956e+00 1.166666666666666607e+01 1.010204081632652695e+01 9.396551724137934158e+00 1.134831460674156922e+01 1.057971014492753348e+01 1.318965517241379537e+01 1.344594594594594916e+01 1.106557377049180602e+01 1.058441558441558250e+01 1.111940298507462721e+01 7.756410256410256387e+00
0.000000000000000000e+00 1.125000000000000355e+01 9.873417721518988444e+00 9.886363636363634910e+00 1.006249999999999467e+01 9.256756756756756133e+00 8.823529411764704733e+00 1.065789473684210620e+01 1.220000000000000284e+01 1.147368421052630971e+01 9.013157894736840703e+00 1.011111111111111427e+01 1.050847457627118864e+01 8.333333333333332149e+00
0.000000000000000000e+00 1.014084507042253414e+01 8.456790123456789487e+00 9.204545454545453254e+00 1.000000000000000000e+01 9.687499999999996447e+00 9.195402298850581246e+00 1.041095890410958802e+01 1.145833333333333393e+01 1.207865168539326106e+01 1.024390243902439046e+01 1.013157894736842302e+01 9.180327868852460327e+00 8.588235294117646745e+00
0.000000000000000000e+00 1.068421052631579116e+01 8.571428571428567622e+00 8.944444444444442865e+00 9.652777777777776791e+00 7.986111111111112493e+00 1.056818181818181657e+01 1.075471698113207530e+01 1.305194805194804886e+01 1.215189873417721422e+01 8.189655172413791817e+00 8.882352941176465677e+00 9.086021505376342233e+00 6.176470588235292603e+00
0.000000000000000000e+00 1.225490196078431637e+01 9.292452830188672408e+00 1.013698630136985912e+01 9.687499999999998224e+00 9.299999999999997158e+00 9.690721649484540734e+00 1.213114754098360493e+01 1.059523809523809490e+01 1.103658536585365546e+01 8.806818181818176328e+00 8.303571428571432378e+00 8.072289156626501594e+00 6.666666666666664298e+00
0.000000000000000000e+00 8.863636363636357984e+00 1.039999999999999503e+01 1.043307086614173151e+01 9.074074074074076179e+00 9.705882352941173963e+00 1.009345794392523743e+01 1.116666666666666252e+01 1.090909090909091006e+01 1.250000000000000711e+01 9.071428571428574728e+00 1.072916666666666607e+01 1.080645161290322598e+01 8.987341772151896890e+00
0.000000000000000000e+00 1.391891891891891930e+01 9.873949579831934997e+00 1.147959183673469319e+01 9.016393442622947063e+00 1.061797752808989337e+01 1.136363636363636687e+01 1.233333333333333215e+01 1.194444444444444287e+01 1.155555555555555891e+01 9.198113207547171655e+00 8.397435897435899577e+00 9.411764705882351478e+00 7.200000000000003730e+00
0.000000000000000000e+00 1.000000000000000178e+01 1.113445378151260456e+01 1.194444444444444997e+01 9.395604395604394199e+00 1.127450980392156765e+01 1.706896551724137723e+01 1.210000000000000497e+01 1.168103448275861567e+01 1.314285714285714057e+01 9.475806451612905690e+00 1.076923076923076827e+01 9.690721649484540734e+00 1.046391752577319423e+01
0.000000000000000000e+00 1.191588785046728560e+01 1.175781250000000178e+01 1.092920353982301407e+01 1.237623762376237657e+01 1.070588235294117574e+01 1.073643410852713664e+01 1.196629213483145904e+01 1.404411764705882248e+01 1.558823529411764497e+01 1.185185185185185119e+01 1.079999999999999893e+01 1.226415094339622414e+01 1.119047619047618980e+01
0.000000000000000000e+00 1.258928571428571885e+01 1.006250000000000533e+01 1.091836734693877631e+01 1.330508474576271638e+01 1.468750000000000000e+01 1.107142857142857117e+01 1.769230769230769340e+01 1.777777777777777857e+01 1.354838709677419573e+01 1.027397260273972890e+01 1.186046511627907307e+01 1.185897435897435948e+01 9.836065573770492065e+00
0.000000000000000000e+00 1.370370370370370416e+01 1.157142857142857117e+01 1.172619047619047628e+01 1.279220779220779036e+01 1.234693877551020513e+01 1.126760563380281432e+01 1.196078431372548678e+01 1.288461538461538325e+01 1.375000000000000000e+01 1.083333333333333393e+01 1.119565217391304124e+01 9.363636363636365090e+00 9.843749999999998224e+00
0.000000000000000000e+00 1.461538461538461497e+01 1.021739130434782439e+01 1.298611111111110894e+01 1.214285714285714235e+01 1.214285714285714235e+01 1.121212121212121282e+01 1.437500000000000000e+01 1.318965517241379182e+01 1.388888888888888928e+01 1.291666666666666963e+01 1.100000000000000000e+01 1.185185185185185297e+01 1.166666666666666607e+01
0.000000000000000000e+00 1.250000000000000000e+01 1.321428571428571352e+01 1.017857142857142527e+01 1.300000000000000000e+01 2.000000000000000000e+01 1.348484848484848264e+01 1.159090909090909172e+01 1.541666666666666607e+01 1.437500000000000000e+01 9.666666666666667851e+00 1.291666666666666785e+01 1.107142857142856940e+01 1.115384615384615330e+01
0.000000000000000000e+00 1.175000000000000000e+01 1.166666666666666607e+01 1.375000000000000000e+01 1.000000000000000178e+01 1.214285714285714235e+01 2.000000000000000000e+01 1.633333333333333215e+01 1.166666666666666607e+01 1.477777777777777679e+01 1.386363636363636509e+01 1.464285714285714235e+01 1.545454545454545325e+01 6.875000000000000000e+00
0.000000000000000000e+00 1.306818181818181657e+01 1.558823529411764675e+01 1.124999999999999822e+01 1.282608695652173836e+01 1.071428571428571352e+01 1.600000000000000000e+01 1.416666666666666607e+01 1.625000000000000000e+01 1.312500000000000178e+01 6.666666666666666963e+00 1.538461538461538503e+01 1.486486486486486669e+01 1.000000000000000178e+01
0.000000000000000000e+00 1.318181818181818166e+01 1.263157894736841946e+01 1.833333333333333570e+01 1.850000000000000000e+01 1.750000000000000000e+01 1.590909090909090828e+01 2.000000000000000000e+01 1.600000000000000000e+01 1.611111111111111427e+01 1.666666666666666785e+01 1.750000000000000000e+01 1.444444444444444287e+01 1.020833333333333393e+01
0.000000000000000000e+00 2.000000000000000000e+01 1.538461538461538503e+01 1.625000000000000000e+01 1.035714285714285765e+01 2.000000000000000000e+01 1.812500000000000000e+01 1.357142857142857117e+01 1.550000000000000000e+01 1.571428571428571352e+01 1.250000000000000000e+01 1.850000000000000000e+01 1.400000000000000000e+01 1.400000000000000000e+01
