0.000000000000000000e+00 0.000000000000000000e+00 0.000000000000000000e+00 0.000000000000000000e+00 0.000000000000000000e+00 0.000000000000000000e+00 0.000000000000000000e+00 0.000000000000000000e+00 0.000000000000000000e+00 0.000000000000000000e+00 0.000000000000000000e+00 0.000000000000000000e+00 0.000000000000000000e+00 0.000000000000000000e+00
0.000000000000000000e+00 2.240000000000000000e+02 1.900000000000000000e+02 2.160000000000000000e+02 1.800000000000000000e+02 1.590000000000000000e+02 1.670000000000000000e+02 1.680000000000000000e+02 1.940000000000000000e+02 1.820000000000000000e+02 2.640000000000000000e+02 1.430000000000000000e+02 2.800000000000000000e+02 1.150000000000000000e+02
0.000000000000000000e+00 1.650000000000000000e+02 1.800000000000000000e+02 1.660000000000000000e+02 1.980000000000000000e+02 1.650000000000000000e+02 2.210000000000000000e+02 3.730000000000000000e+02 1.760000000000000000e+02 4.810000000000000000e+02 1.900000000000000000e+02 2.800000000000000000e+02 1.480000000000000000e+02 1.480000000000000000e+02
0.000000000000000000e+00 1.710000000000000000e+02 1.880000000000000000e+02 3.510000000000000000e+02 2.190000000000000000e+02 3.560000000000000000e+02 1.640000000000000000e+02 2.610000000000000000e+02 3.950000000000000000e+02 2.150000000000000000e+02 3.500000000000000000e+02 1.700000000000000000e+02 2.040000000000000000e+02 1.840000000000000000e+02
0.000000000000000000e+00 1.930000000000000000e+02 2.230000000000000000e+02 1.490000000000000000e+02 1.420000000000000000e+02 1.830000000000000000e+02 2.270000000000000000e+02 1.750000000000000000e+02 1.910000000000000000e+02 1.910000000000000000e+02 1.390000000000000000e+02 1.680000000000000000e+02 2.350000000000000000e+02 1.920000000000000000e+02
0.000000000000000000e+00 2.100000000000000000e+02 3.420000000000000000e+02 3.100000000000000000e+02 2.220000000000000000e+02 1.920000000000000000e+02 2.080000000000000000e+02 2.170000000000000000e+02 2.450000000000000000e+02 1.820000000000000000e+02 1.900000000000000000e+02 2.450000000000000000e+02 1.840000000000000000e+02 2.400000000000000000e+02
0.000000000000000000e+00 2.110000000000000000e+02 2.080000000000000000e+02 2.320000000000000000e+02 2.030000000000000000e+02 1.850000000000000000e+02 1.440000000000000000e+02 2.530000000000000000e+02 2.270000000000000000e+02 2.370000000000000000e+02 2.000000000000000000e+02 2.260000000000000000e+02 3.600000000000000000e+02 2.320000000000000000e+02
0.000000000000000000e+00 2.820000000000000000e+02 2.240000000000000000e+02 2.350000000000000000e+02 2.390000000000000000e+02 2.460000000000000000e+02 2.310000000000000000e+02 2.090000000000000000e+02 2.230000000000000000e+02 3.470000000000000000e+02 2.540000000000000000e+02 2.380000000000000000e+02 3.290000000000000000e+02 2.020000000000000000e+02
0.000000000000000000e+00 2.220000000000000000e+02 2.440000000000000000e+02 2.560000000000000000e+02 2.540000000000000000e+02 2.040000000000000000e+02 2.060000000000000000e+02 2.470000000000000000e+02 2.410000000000000000e+02 4.750000000000000000e+02 2.330000000000000000e+02 2.770000000000000000e+02 2.910000000000000000e+02 2.690000000000000000e+02
0.000000000000000000e+00 2.620000000000000000e+02 2.330000000000000000e+02 2.810000000000000000e+02 2.610000000000000000e+02 2.590000000000000000e+02 2.340000000000000000e+02 3.010000000000000000e+02 2.360000000000000000e+02 3.680000000000000000e+02 2.670000000000000000e+02 2.590000000000000000e+02 2.560000000000000000e+02 2.650000000000000000e+02
0.000000000000000000e+00 2.610000000000000000e+02 3.920000000000000000e+02 2.730000000000000000e+02 2.500000000000000000e+02 3.460000000000000000e+02 2.810000000000000000e+02 3.630000000000000000e+02 3.220000000000000000e+02 2.600000000000000000e+02 3.130000000000000000e+02 3.000000000000000000e+02 3.440000000000000000e+02 2.770000000000000000e+02
0.000000000000000000e+00 3.930000000000000000e+02 2.990000000000000000e+02 2.710000000000000000e+02 2.780000000000000000e+02 3.030000000000000000e+02 3.180000000000000000e+02 3.240000000000000000e+02 3.600000000000000000e+02 2.850000000000000000e+02 3.060000000000000000e+02 2.650000000000000000e+02 5.720000000000000000e+02 3.060000000000000000e+02
0.000000000000000000e+00 4.270000000000000000e+02 3.050000000000000000e+02 3.220000000000000000e+02 3.140000000000000000e+02 3.340000000000000000e+02 5.350000000000000000e+02 3.200000000000000000e+02 2.820000000000000000e+02 2.920000000000000000e+02 3.020000000000000000e+02 2.920000000000000000e+02 2.820000000000000000e+02 2.630000000000000000e+02
0.000000000000000000e+00 3.430000000000000000e+02 4.090000000000000000e+02 3.850000000000000000e+02 3.540000000000000000e+02 3.670000000000000000e+02 3.100000000000000000e+02 3.160000000000000000e+02 3.390000000000000000e+02 3.840000000000000000e+02 3.120000000000000000e+02 3.020000000000000000e+02 3.210000000000000000e+02 4.000000000000000000e+02
0.000000000000000000e+00 2.940000000000000000e+02 1.940000000000000000e+02 2.090000000000000000e+02 2.910000000000000000e+02 1.960000000000000000e+02 2.340000000000000000e+02 3.720000000000000000e+02 2.090000000000000000e+02 6.920000000000000000e+02 2.720000000000000000e+02 2.120000000000000000e+02 2.100000000000000000e+02 2.300000000000000000e+02
0.000000000000000000e+00 6.030000000000000000e+02 2.043000000000000000e+03 2.600000000000000000e+02 2.410000000000000000e+02 2.050000000000000000e+02 2.000000000000000000e+02 2.260000000000000000e+02 2.220000000000000000e+02 1.358000000000000000e+03 5.600000000000000000e+02 3.040000000000000000e+02 2.000000000000000000e+02 1.768000000000000000e+03
0.000000000000000000e+00 3.335000000000000000e+03 3.104000000000000000e+03 2.910000000000000000e+03 2.849000000000000000e+03 1.462000000000000000e+03 1.770000000000000000e+03 2.295000000000000000e+03 2.175000000000000000e+03 2.053000000000000000e+03 2.013000000000000000e+03 1.957000000000000000e+03 1.861000000000000000e+03 1.775000000000000000e+03
0.000000000000000000e+00 3.185000000000000000e+03 2.970000000000000000e+03 2.868000000000000000e+03 2.718000000000000000e+03 2.589000000000000000e+03 2.298000000000000000e+03 2.295000000000000000e+03 2.176000000000000000e+03 2.009000000000000000e+03 1.944000000000000000e+03 1.856000000000000000e+03 1.750000000000000000e+03 1.612000000000000000e+03
0.000000000000000000e+00 2.987000000000000000e+03 2.724000000000000000e+03 2.636000000000000000e+03 2.479000000000000000e+03 2.430000000000000000e+03 2.262000000000000000e+03 2.072000000000000000e+03 2.058000000000000000e+03 1.837000000000000000e+03 1.775000000000000000e+03 1.787000000000000000e+03 1.656000000000000000e+03 1.632000000000000000e+03
0.000000000000000000e+00 2.735000000000000000e+03 2.464000000000000000e+03 2.492000000000000000e+03 2.319000000000000000e+03 2.252000000000000000e+03 2.094000000000000000e+03 2.045000000000000000e+03 1.909000000000000000e+03 1.852000000000000000e+03 1.730000000000000000e+03 1.669000000000000000e+03 1.609000000000000000e+03 1.448000000000000000e+03
0.000000000000000000e+00 2.485000000000000000e+03 2.432000000000000000e+03 2.246000000000000000e+03 2.139000000000000000e+03 2.132000000000000000e+03 1.945000000000000000e+03 1.701000000000000000e+03 1.767000000000000000e+03 1.431000000000000000e+03 1.549000000000000000e+03 1.513000000000000000e+03 1.422000000000000000e+03 1.343000000000000000e+03
0.000000000000000000e+00 2.228000000000000000e+03 2.182000000000000000e+03 2.154000000000000000e+03 2.042000000000000000e+03 1.947000000000000000e+03 1.889000000000000000e+03 1.728000000000000000e+03 1.537000000000000000e+03 1.398000000000000000e+03 1.429000000000000000e+03 1.429000000000000000e+03 1.362000000000000000e+03 1.236000000000000000e+03
