0.000000000000000000e+00 0.000000000000000000e+00 0.000000000000000000e+00 0.000000000000000000e+00 0.000000000000000000e+00 0.000000000000000000e+00 0.000000000000000000e+00 0.000000000000000000e+00 0.000000000000000000e+00 0.000000000000000000e+00 0.000000000000000000e+00 0.000000000000000000e+00 0.000000000000000000e+00 0.000000000000000000e+00
0.000000000000000000e+00 1.045652173913042660e+01 9.961389961389963688e+00 1.001985702938840461e+01 9.902991107518198888e+00 1.071484681853890031e+01 1.130091438071487886e+01 1.161507936507936201e+01 1.203349282296651523e+01 1.142347343378273195e+01 9.976396538158939009e+00 9.762658227848103110e+00 9.570063694267515686e+00 9.340124003542937814e+00
0.000000000000000000e+00 1.083836858006041304e+01 9.599811676082870449e+00 1.019230769230768985e+01 1.002115059221655891e+01 1.046399406087602202e+01 1.089219330855018342e+01 1.181576952236543576e+01 1.199070764832022817e+01 1.152139461172740731e+01 1.073968705547654778e+01 1.030923994038749036e+01 9.452324665090632294e+00 9.121466768525600344e+00
0.000000000000000000e+00 1.047422680412370077e+01 1.030303030303030987e+01 9.847736625514412978e+00 1.005476804123709833e+01 1.057546519641629601e+01 1.165966386554621081e+01 1.140226628895183048e+01 1.202684101858225674e+01 1.150244584206850007e+01 1.054847841472047421e+01 1.044522968197882662e+01 9.676858929812370391e+00 8.892961876832842449e+00
0.000000000000000000e+00 1.023185483870968326e+01 9.960369881109627954e+00 9.799456152277343790e+00 9.731051344743264053e+00 1.070495185694636575e+01 1.086666666666667069e+01 1.166102841677942692e+01 1.223989396951622943e+01 1.097250859106530108e+01 1.056456643792886219e+01 9.926764314247666476e+00 9.346938775510215791e+00 9.274891774891795393e+00
0.000000000000000000e+00 9.643312101910844092e+00 1.003795066413661274e+01 9.993523316062182360e+00 9.456797966963174318e+00 1.035331905781583117e+01 1.050912301353736211e+01 1.082702387885848339e+01 1.178934769599040244e+01 1.107771706132361800e+01 1.018440145102781003e+01 9.660377358490551458e+00 9.320536258379043204e+00 8.437500000000003553e+00
0.000000000000000000e+00 1.004378283712784636e+01 9.335518474374259412e+00 9.169472502805827929e+00 9.265975820379962258e+00 9.639929742388773093e+00 1.037262872628724786e+01 1.008776896942240953e+01 1.123896409652737027e+01 1.038525041276830407e+01 9.679276315789469010e+00 9.384318056322481283e+00 9.065612185120063060e+00 8.249407582938392380e+00
0.000000000000000000e+00 9.433865156973743282e+00 8.575550891920268981e+00 8.795918367346960309e+00 8.561791689152711271e+00 9.022617124394168187e+00 9.649315068493130809e+00 1.001259445843827578e+01 1.115969581749052431e+01 9.614375655823689470e+00 9.267288693743129357e+00 8.863399374348281512e+00 8.311134789557822700e+00 7.651236191478166582e+00
0.000000000000000000e+00 9.201095072175194289e+00 8.567913385826766870e+00 8.630205720020072135e+00 8.554216867469895291e+00 8.534658511722698293e+00 9.157500000000007745e+00 9.475675675675683252e+00 1.049303944315544612e+01 9.389275074478659278e+00 8.515433610975028600e+00 8.134474327628353763e+00 7.785714285714289140e+00 7.385912698412703037e+00
0.000000000000000000e+00 9.223690420009425850e+00 9.020664869721450430e+00 9.317325800376620393e+00 8.888888888888871520e+00 9.210646041856239918e+00 9.699042407660744658e+00 1.050072568940493056e+01 1.074900574458685121e+01 1.011923688394276688e+01 9.558150183150191381e+00 8.702325581395358611e+00 8.371656499296115328e+00 7.794789762340029959e+00
0.000000000000000000e+00 9.736726634488816146e+00 9.967919340054976374e+00 9.807275877003009512e+00 9.698180204172221153e+00 9.677634504224114309e+00 1.033622559652929596e+01 1.074486675404106961e+01 1.146048109965633444e+01 1.059624832514516157e+01 9.862000985707265244e+00 9.258121158911327697e+00 8.768020969855825797e+00 8.420329670329659066e+00
0.000000000000000000e+00 1.005116659844453153e+01 9.897011308562214893e+00 9.981519507186858320e+00 9.563258911085000591e+00 1.039173228346456312e+01 1.070748862225900666e+01 1.119634340222573776e+01 1.159936025589763631e+01 1.081803005008351448e+01 1.022003929273085276e+01 9.554570895522411789e+00 8.964555953803269972e+00 8.636363636363642016e+00
0.000000000000000000e+00 1.063548266865448966e+01 1.015481017323996049e+01 1.069818987809382804e+01 1.044730856709626288e+01 1.082513661202186839e+01 1.122931896883417657e+01 1.134146341463416086e+01 1.206715063520873343e+01 1.158555729984299099e+01 1.038771593090210921e+01 1.024951644100578640e+01 9.383145091225015832e+00 9.019493177387900573e+00
0.000000000000000000e+00 1.122763942476323962e+01 1.098201692524683182e+01 1.097197587797091600e+01 1.076963534361851593e+01 1.103472968134625098e+01 1.134184201448776363e+01 1.219585091420536216e+01 1.243928959768033771e+01 1.149943841257957722e+01 1.063113604488081876e+01 1.019859402460456188e+01 9.909690864883648587e+00 9.178082191780818633e+00
0.000000000000000000e+00 1.151874310915103372e+01 1.101343784994400110e+01 1.121599111604665033e+01 1.109776536312853246e+01 1.162426035502960886e+01 1.164011799410029546e+01 1.222934016655989886e+01 1.245955662073098402e+01 1.165507246376809114e+01 1.125941872981699987e+01 1.071929824561402178e+01 1.022253521126761022e+01 9.842592592592584566e+00
0.000000000000000000e+00 1.226525821596244015e+01 1.151634723788048476e+01 1.157596371882085329e+01 1.149233296823659423e+01 1.217877094972068441e+01 1.226725941422594524e+01 1.255254424778759592e+01 1.290878754171300180e+01 1.197377269670477773e+01 1.150435255712732818e+01 1.090983606557378138e+01 1.046901648664013074e+01 9.880536130536151873e+00
0.000000000000000000e+00 1.188888888888888573e+01 1.231051344743277198e+01 1.236692015209125017e+01 1.197635135135134732e+01 1.188057040998217495e+01 1.274888558692419949e+01 1.312499999999998934e+01 1.361344537815125122e+01 1.167372881355931824e+01 1.266393442622951682e+01 1.093617021276595125e+01 1.212686567164178442e+01 9.667968750000012434e+00
0.000000000000000000e+00 1.236196319018403678e+01 1.241691842900302056e+01 1.218571428571428683e+01 1.177852348993287812e+01 1.286245353159850957e+01 1.272260273972602818e+01 1.368534482758620641e+01 1.269379844961240877e+01 1.282700421940928770e+01 1.153361344537814581e+01 1.111363636363635621e+01 1.083333333333333570e+01 1.072463768115942173e+01
0.000000000000000000e+00 1.336956521739130288e+01 1.308333333333333393e+01 1.358108108108107537e+01 1.267741935483871352e+01 1.366541353383458457e+01 1.516666666666666075e+01 1.312000000000000632e+01 1.450000000000000000e+01 1.431249999999999645e+01 1.274468085106383342e+01 1.218274111675126647e+01 1.211428571428571388e+01 1.214285714285714590e+01
0.000000000000000000e+00 1.294585987261145732e+01 1.393382352941176983e+01 1.334532374100719210e+01 1.284386617100371453e+01 1.463855421686747249e+01 1.450000000000000178e+01 1.452830188679245182e+01 1.572429906542055811e+01 1.399532710280373671e+01 1.338624338624338961e+01 1.279999999999999893e+01 1.255980861244018776e+01 1.169696969696969369e+01
0.000000000000000000e+00 1.430769230769231193e+01 1.545801526717557195e+01 1.523076923076922817e+01 1.536036036036035135e+01 1.434426229508196649e+01 1.611111111111112137e+01 1.635371179039301381e+01 1.614942528735631200e+01 1.563157894736841591e+01 1.466321243523315765e+01 1.490506329113924089e+01 1.326219512195121553e+01 1.240853658536585513e+01
0.000000000000000000e+00 1.551948051948052232e+01 1.642857142857142705e+01 1.636718750000000000e+01 1.572398190045249144e+01 1.693181818181817633e+01 1.623115577889447181e+01 1.728723404255318385e+01 1.678571428571428115e+01 1.591715976331360771e+01 1.478658536585365901e+01 1.602649006622517547e+01 1.528571428571428648e+01 1.483108108108107714e+01
