0.000000000000000000e+00 0.000000000000000000e+00 0.000000000000000000e+00 0.000000000000000000e+00 0.000000000000000000e+00 0.000000000000000000e+00 0.000000000000000000e+00 0.000000000000000000e+00 0.000000000000000000e+00 0.000000000000000000e+00 0.000000000000000000e+00 0.000000000000000000e+00 0.000000000000000000e+00 0.000000000000000000e+00
0.000000000000000000e+00 1.197674418604651692e+01 1.071428571428570820e+01 1.036082474226803818e+01 1.135922330097086785e+01 1.030701754385964541e+01 1.244444444444444642e+01 1.223577235772357774e+01 1.376288659793814517e+01 1.206106870229007555e+01 9.678899082568806378e+00 1.145161290322580783e+01 7.976190476190478940e+00 1.133333333333333570e+01
0.000000000000000000e+00 1.009900990099010443e+01 1.113861386138613874e+01 1.156249999999999822e+01 1.196428571428571530e+01 1.200000000000000355e+01 1.014814814814815058e+01 1.199999999999999467e+01 1.178861788617885686e+01 1.194117647058823550e+01 1.178571428571428292e+01 1.284482758620690035e+01 9.549549549549547933e+00 9.682539682539680115e+00
0.000000000000000000e+00 1.180451127819548951e+01 1.038793103448275978e+01 9.855769230769229949e+00 1.038461538461537792e+01 9.774436090225565366e+00 1.363013698630136972e+01 1.180555555555556069e+01 1.344537815126050262e+01 1.148305084745763160e+01 1.027131782945736838e+01 1.104477611940298587e+01 1.106299212598425008e+01 9.189189189189193030e+00
0.000000000000000000e+00 1.119402985074627033e+01 9.080000000000000071e+00 9.834710743801656108e+00 1.028925619834710581e+01 1.074218750000000178e+01 1.142857142857142883e+01 1.348623853211009838e+01 1.375000000000000178e+01 1.193548387096774199e+01 1.048701298701298867e+01 1.298507462686567138e+01 9.424460431654676285e+00 1.012711864406779760e+01
0.000000000000000000e+00 1.132231404958677956e+01 8.694029850746270327e+00 1.120155038759689958e+01 1.033057851239669667e+01 1.015151515151515582e+01 1.036363636363636331e+01 1.115894039735099774e+01 1.274336283185840557e+01 1.228187919463088029e+01 1.138059701492537812e+01 1.111111111111111427e+01 1.027586206896552312e+01 7.713414634146344540e+00
0.000000000000000000e+00 9.961832061068705002e+00 9.601449275362323732e+00 9.170984455958544501e+00 1.028901734104046106e+01 8.909090909090901178e+00 8.991935483870971524e+00 1.073333333333333428e+01 1.196078431372549034e+01 1.152173913043477960e+01 9.006211180124225280e+00 1.022988505747126098e+01 9.769736842105258390e+00 7.282608695652173836e+00
0.000000000000000000e+00 9.548192771084336172e+00 7.608695652173912194e+00 8.867403314917124746e+00 9.477124183006532476e+00 8.571428571428564069e+00 9.918032786885243368e+00 1.053459119496855401e+01 1.164473684210526372e+01 1.118181818181818166e+01 9.144385026737971600e+00 1.019607843137255365e+01 8.060606060606065881e+00 8.212121212121216374e+00
0.000000000000000000e+00 1.047120418848167844e+01 8.743455497382198516e+00 8.636363636363642016e+00 9.741379310344823850e+00 8.459459459459459651e+00 9.245810055865915089e+00 9.897959183673469497e+00 1.180645161290321887e+01 1.053921568627451144e+01 7.924528301886791581e+00 8.304597701149429412e+00 8.743455497382202068e+00 6.640211640211638233e+00
0.000000000000000000e+00 9.374999999999998224e+00 9.146919431279615154e+00 9.528795811518316228e+00 9.568965517241375451e+00 9.314720812182741838e+00 1.004878048780488520e+01 1.141104294478527947e+01 1.089673913043478137e+01 9.909638554216867234e+00 8.915343915343905579e+00 8.219178082191778145e+00 8.375000000000000000e+00 8.000000000000000000e+00
0.000000000000000000e+00 9.296875000000000000e+00 1.032608695652173836e+01 9.692982456140342151e+00 9.554455445544562053e+00 1.010256410256409865e+01 1.062500000000000000e+01 1.117224880382775254e+01 1.141148325358851778e+01 1.145945945945946853e+01 9.088235294117648522e+00 1.058080808080807955e+01 1.033854166666666785e+01 9.090909090909089940e+00
0.000000000000000000e+00 1.126666666666666750e+01 9.722222222222224985e+00 1.041463414634147178e+01 9.435483870967740216e+00 1.107305936073059449e+01 1.131979695431472877e+01 1.209183673469387799e+01 1.161137440758293238e+01 1.096244131455398829e+01 1.039094650205761639e+01 9.156249999999998224e+00 9.765957446808505082e+00 7.201257861635220081e+00
0.000000000000000000e+00 9.136363636363640239e+00 1.066523605150215026e+01 1.103508771929824839e+01 1.018518518518518157e+01 1.064453125000000000e+01 1.257812499999999645e+01 1.162037037037037024e+01 1.243303571428571885e+01 1.290983606557377428e+01 9.688796680497922864e+00 1.027918781725888131e+01 9.509345794392524809e+00 9.014423076923080203e+00
0.000000000000000000e+00 1.189130434782607537e+01 1.106870229007633633e+01 1.111111111111111427e+01 1.156626506024096734e+01 1.103211009174311741e+01 1.020676691729323515e+01 1.304020100502512491e+01 1.357923497267759139e+01 1.152343749999999822e+01 1.067241379310343774e+01 1.038043478260869001e+01 1.117537313432835155e+01 9.028776978417267784e+00
0.000000000000000000e+00 1.229323308270676307e+01 1.073619631901841309e+01 1.176470588235294557e+01 1.380645161290322420e+01 1.268656716417910602e+01 1.306034482758620818e+01 1.679999999999999716e+01 1.364406779661016955e+01 1.205000000000000249e+01 1.041401273885350598e+01 1.157142857142857650e+01 1.084337349397590344e+01 8.749999999999998224e+00
0.000000000000000000e+00 1.432692307692307665e+01 1.140410958904109684e+01 1.212707182320441923e+01 1.343333333333333357e+01 1.172077922077922452e+01 1.153061224489795933e+01 1.147999999999999865e+01 1.273972602739726234e+01 1.293103448275862277e+01 1.060869565217391397e+01 1.148148148148148096e+01 1.018115942028985899e+01 8.768656716417915220e+00
0.000000000000000000e+00 1.326923076923076650e+01 1.249999999999999467e+01 1.220689655172414589e+01 1.250000000000000000e+01 1.118421052631578938e+01 1.233974358974358587e+01 1.552631578947368673e+01 1.460396039603960183e+01 1.404761904761904567e+01 1.275000000000000178e+01 1.017857142857142883e+01 1.200000000000000000e+01 7.380952380952380487e+00
0.000000000000000000e+00 1.362068965517241281e+01 1.354166666666666607e+01 1.109756097560975441e+01 1.150000000000000000e+01 1.428571428571428825e+01 1.302325581395349019e+01 1.306451612903225978e+01 1.394736842105263186e+01 1.440000000000000036e+01 1.125000000000000000e+01 1.235294117647059053e+01 1.076923076923076827e+01 1.019230769230768985e+01
0.000000000000000000e+00 1.175675675675675436e+01 1.241935483870967616e+01 1.442307692307692335e+01 1.250000000000000178e+01 1.211538461538461497e+01 1.833333333333333215e+01 1.378787878787878896e+01 1.466666666666666785e+01 1.545454545454545325e+01 1.378787878787878718e+01 1.479166666666666607e+01 1.472222222222222321e+01 6.428571428571428825e+00
0.000000000000000000e+00 1.330357142857142705e+01 1.404761904761904745e+01 1.108695652173913082e+01 1.281250000000000178e+01 1.187499999999999822e+01 1.600000000000000000e+01 1.583333333333333215e+01 1.380000000000000071e+01 1.388888888888888928e+01 9.500000000000000000e+00 1.666666666666666430e+01 1.406976744186046524e+01 1.026315789473684426e+01
0.000000000000000000e+00 1.625000000000000000e+01 1.433333333333333037e+01 1.650000000000000000e+01 1.740740740740740833e+01 1.763157894736842124e+01 1.529411764705882604e+01 1.906250000000000355e+01 1.714285714285714235e+01 1.615384615384615685e+01 1.583333333333333393e+01 1.433333333333333570e+01 1.233333333333333215e+01 1.096774193548387011e+01
0.000000000000000000e+00 1.892857142857143060e+01 1.602941176470588047e+01 1.624999999999999289e+01 1.303571428571428470e+01 1.454545454545454497e+01 1.605263157894736992e+01 1.659090909090908639e+01 1.647058823529411598e+01 1.538461538461538503e+01 1.400000000000000000e+01 1.684210526315789735e+01 1.423076923076922995e+01 1.500000000000000000e+01
