2.100000000000000000e+01 2.100000000000000000e+01 2.100000000000000000e+01 2.100000000000000000e+01 2.100000000000000000e+01 2.100000000000000000e+01 2.100000000000000000e+01 2.100000000000000000e+01 2.100000000000000000e+01 2.100000000000000000e+01 2.100000000000000000e+01 2.100000000000000000e+01 2.100000000000000000e+01 2.100000000000000000e+01
2.000000000000000000e+01 1.178571428571428292e+01 1.140883977900552715e+01 1.224806201550387108e+01 9.999999999999998224e+00 1.171875000000000711e+01 1.367469879518072062e+01 1.310077519379846045e+01 1.486263736263736668e+01 1.191275167785234501e+01 1.062500000000000355e+01 1.087378640776699612e+01 9.686411149825785216e+00 1.041860465116278789e+01
1.900000000000000000e+01 1.181506849315068308e+01 1.129921259842519810e+01 1.261235955056179669e+01 1.270061728395061529e+01 1.260000000000000142e+01 1.194630872483222106e+01 1.476284584980237113e+01 1.235795454545455030e+01 1.250996015936255112e+01 1.240853658536585691e+01 1.131205673758865160e+01 1.200549450549450725e+01 1.012195121951219612e+01
1.800000000000000000e+01 1.130573248407643661e+01 1.262345679012345379e+01 1.133561643835616195e+01 1.235135135135135620e+01 1.287790697674418894e+01 1.337313432835819782e+01 1.260067114093959262e+01 1.342342342342342043e+01 1.412878787878787712e+01 1.286082474226804173e+01 1.096256684491978284e+01 1.066666666666666430e+01 9.276315789473684958e+00
1.700000000000000000e+01 1.076704545454545325e+01 1.063679245283019270e+01 1.010162601626016787e+01 1.160256410256409865e+01 1.293367346938775242e+01 1.189560439560439775e+01 1.258278145695364358e+01 1.500000000000000178e+01 1.300970873786407545e+01 1.272222222222221433e+01 1.248837209302325491e+01 1.033742331288343586e+01 9.574829931972784536e+00
1.600000000000000000e+01 1.088235294117647634e+01 1.125531914893616481e+01 1.095022624434389336e+01 1.120614035087718818e+01 1.214285714285713702e+01 1.217105263157894868e+01 1.303278688524589768e+01 1.335889570552147632e+01 1.207894736842105310e+01 1.219072164948452830e+01 1.047945205479451758e+01 1.021978021978022078e+01 8.567251461988309558e+00
1.500000000000000000e+01 1.106811145510836347e+01 1.014563106796116365e+01 9.285714285714281147e+00 9.888888888888883955e+00 1.083333333333333570e+01 1.308695652173912372e+01 1.250000000000000178e+01 1.327102803738318215e+01 1.251063829787233850e+01 1.017999999999999261e+01 1.118421052631579293e+01 1.016949152542373014e+01 9.090909090909089940e+00
1.400000000000000000e+01 1.000000000000000711e+01 9.652406417112294079e+00 1.113461538461538325e+01 1.064049586776858902e+01 1.144385026737967870e+01 1.162946428571428470e+01 1.339673913043478493e+01 1.288888888888888928e+01 1.205583756345177271e+01 1.277027027027027906e+01 1.107142857142857295e+01 1.026905829596412190e+01 8.261904761904757422e+00
1.300000000000000000e+01 1.120229007633587415e+01 9.320175438596494999e+00 8.773946360153258794e+00 1.045454545454545148e+01 1.265625000000000000e+01 1.152014652014651830e+01 1.255434782608695343e+01 1.324468085106382809e+01 1.326714801444043701e+01 1.082491582491582172e+01 1.062256809338521535e+01 9.591346153846158629e+00 9.481981981981977725e+00
1.200000000000000000e+01 1.103248259860788671e+01 1.005725190839694783e+01 9.812499999999996447e+00 1.043233082706767156e+01 1.107843137254902821e+01 1.190987124463519464e+01 1.243548387096774022e+01 1.394067796610169374e+01 1.243801652892561904e+01 1.278925619834710403e+01 1.108225108225108180e+01 1.028571428571428470e+01 1.035714285714285765e+01
1.100000000000000000e+01 9.795918367346938993e+00 1.076335877862594792e+01 1.098615916955017369e+01 1.187772925764192244e+01 1.104247104247105149e+01 1.332653061224489477e+01 1.225321888412016769e+01 1.304794520547945247e+01 1.284615384615384670e+01 1.178723404255318385e+01 1.157480314960630174e+01 1.057093425605536119e+01 1.017482517482517679e+01
1.000000000000000000e+01 1.330168776371308148e+01 1.126315789473684426e+01 1.194346289752649959e+01 1.178819444444444642e+01 1.252212389380531299e+01 1.250000000000000355e+01 1.340909090909090118e+01 1.350961538461538858e+01 1.298387096774193594e+01 1.262500000000000000e+01 1.157587548638132446e+01 1.198076923076922995e+01 1.055256064690025575e+01
9.000000000000000000e+00 1.216612377850162652e+01 1.107491856677524034e+01 1.288135593220338748e+01 1.126911314984708312e+01 1.231974921630093434e+01 1.440812720848057182e+01 1.339768339768340510e+01 1.394736842105263364e+01 1.377887788778878431e+01 1.254355400696864109e+01 1.299132947976878683e+01 1.170040485829959387e+01 1.056748466257669250e+01
8.000000000000000000e+00 1.198879551820728651e+01 1.251592356687897833e+01 1.195928753180662341e+01 1.196107784431137233e+01 1.355643044619422533e+01 1.305471124620061119e+01 1.422437673130194646e+01 1.447084233261338504e+01 1.423290203327171710e+01 1.293956043956044333e+01 1.284194528875379682e+01 1.068597560975609539e+01 1.053191489361702082e+01
7.000000000000000000e+00 1.334146341463415020e+01 1.281496062992126461e+01 1.333333333333333925e+01 1.350746268656717142e+01 1.523734177215190577e+01 1.450396825396826017e+01 1.567951318458417198e+01 1.549157303370786920e+01 1.431111111111111001e+01 1.329787234042553123e+01 1.240740740740740833e+01 1.376963350785339912e+01 1.204081632653061718e+01
6.000000000000000000e+00 1.223050458715599831e+01 1.213963963963963977e+01 1.245059288537549591e+01 1.280172413793103203e+01 1.341584158415841088e+01 1.359315589353613163e+01 1.449760765550239228e+01 1.497797356828194104e+01 1.325800376647834611e+01 1.256756756756756666e+01 1.361423220973782300e+01 1.072614107883817702e+01 1.155172413793103736e+01
5.000000000000000000e+00 1.069422776911076589e+01 1.021293627921868463e+01 9.474797999230448298e+00 1.026757046022119013e+01 1.083924349881796978e+01 1.124400639318059980e+01 1.123704663212435761e+01 1.188516968851696021e+01 1.107811038353599287e+01 1.039853412734769478e+01 1.010301507537689858e+01 9.247999999999999332e+00 9.327468785471069168e+00
4.000000000000000000e+00 8.461923847695384637e+00 8.126249167221864411e+00 7.464839523981226854e+00 7.590654205607472171e+00 7.438284095507890825e+00 8.445289395859761683e+00 9.227957971676568505e+00 1.001902949571837631e+01 8.694376528117356173e+00 8.635486981677900076e+00 7.997333333333312311e+00 7.353745215965019177e+00 7.589285714285712636e+00
3.000000000000000000e+00 6.559027777777789225e+00 6.058590941768517979e+00 6.055806938159878250e+00 5.409197194076375226e+00 5.858177172061345139e+00 6.236413043478267859e+00 6.543468154346816057e+00 7.416750756811286927e+00 7.096774193548387899e+00 6.448772678762009214e+00 6.386554621848733682e+00 6.206102475532527585e+00 5.489833641404811893e+00
2.000000000000000000e+00 4.709324273310683928e+00 4.158829676071063020e+00 4.115604575163383849e+00 3.928868552412647652e+00 3.551783412118607153e+00 3.562231759656645735e+00 4.357868020304573875e+00 5.714285714285714413e+00 5.022948938611579983e+00 4.539808018068892892e+00 4.759643916913938178e+00 4.128973105134474686e+00 3.555776892430279279e+00
1.000000000000000000e+00 2.689194658033187135e+00 2.467174925878864222e+00 2.360515021459233420e+00 2.555454956994113402e+00 2.119781312127234418e+00 2.048378795676788489e+00 2.273242630385493790e+00 3.187939110070256987e+00 3.046482412060297129e+00 2.324159021406730474e+00 2.362126245847177675e+00 2.417808219178081419e+00 2.165131112686039749e+00
0.000000000000000000e+00 1.253836036825951572e+00 1.210621062106209456e+00 1.188827331486610905e+00 1.214503042596349003e+00 9.840159840159852234e-01 8.506457046603044247e-01 7.585335018963342835e-01 9.749839640795380236e-01 8.491204330175927684e-01 7.350852272727274039e-01 6.431535269709548475e-01 5.292872265349324312e-01 4.433887569279497676e-01
