2.100000000000000000e+01 2.100000000000000000e+01 2.100000000000000000e+01 2.100000000000000000e+01 2.100000000000000000e+01 2.100000000000000000e+01 2.100000000000000000e+01 2.100000000000000000e+01 2.100000000000000000e+01 2.100000000000000000e+01 2.100000000000000000e+01 2.100000000000000000e+01 2.100000000000000000e+01 2.100000000000000000e+01
2.000000000000000000e+01 1.468708388814912880e+01 1.449657621100688232e+01 1.467924528301888643e+01 1.507734806629836477e+01 1.484766214177980181e+01 1.523837551500883336e+01 2.000000000000000000e+01 2.000000000000000000e+01 1.456814449917898990e+01 1.421315890727202458e+01 1.334060341693930418e+01 1.290443942814148137e+01 1.120676402767103674e+01
1.900000000000000000e+01 1.900000000000000000e+01 1.428947368421052033e+01 1.470071389346514046e+01 1.900000000000000000e+01 1.525537259279935576e+01 1.525392428439520209e+01 1.573047107930830002e+01 1.615312791783378188e+01 1.496148908857510307e+01 1.403358342265094905e+01 1.345870206489676235e+01 1.900000000000000000e+01 1.900000000000000000e+01
1.800000000000000000e+01 1.462340672074156700e+01 1.445529676934633656e+01 1.503522307950350267e+01 1.475418549030026760e+01 1.800000000000000000e+01 1.586348926154750316e+01 1.527334851936219096e+01 1.594652081434213642e+01 1.800000000000000000e+01 1.397386082656304396e+01 1.800000000000000000e+01 1.800000000000000000e+01 1.800000000000000000e+01
1.700000000000000000e+01 1.442477876106192625e+01 1.700000000000000000e+01 1.478966041561074007e+01 1.467753366406803828e+01 1.511974454497073239e+01 1.700000000000000000e+01 1.700000000000000000e+01 1.700000000000000000e+01 1.511303191489363762e+01 1.700000000000000000e+01 1.363733523334521003e+01 1.700000000000000000e+01 1.700000000000000000e+01
1.600000000000000000e+01 1.430189501197998148e+01 1.417883211678832645e+01 1.600000000000000000e+01 1.600000000000000000e+01 1.529497450837581418e+01 2.000000000000000000e+01 1.603281570465865613e+01 1.569695176087599364e+01 1.600000000000000000e+01 1.381830151415405794e+01 1.600000000000000000e+01 1.600000000000000000e+01 1.600000000000000000e+01
1.500000000000000000e+01 1.457092040907070896e+01 1.434587813620071906e+01 1.452125175151797798e+01 1.520476545048398087e+01 1.500000000000000000e+01 1.570800946265628895e+01 2.000000000000000000e+01 1.569767441860465418e+01 1.500000000000000000e+01 1.600000000000000000e+01 1.500000000000000000e+01 1.292467215614515297e+01 1.162869772186332895e+01
1.400000000000000000e+01 1.411939034716340302e+01 1.400000000000000000e+01 1.400000000000000000e+01 1.498406472174552739e+01 1.400000000000000000e+01 1.515842134519178863e+01 1.516587677725117800e+01 1.555622188905548775e+01 1.482727545809547465e+01 1.395674300254451516e+01 1.400000000000000000e+01 1.243189368770763181e+01 1.400000000000000000e+01
1.300000000000000000e+01 1.342465753424657571e+01 2.000000000000000000e+01 1.449714427613607448e+01 1.437012526589458261e+01 1.526530612244898677e+01 1.527090858571824761e+01 1.300000000000000000e+01 1.589147286821703808e+01 1.515566625155665292e+01 2.000000000000000000e+01 1.339130434782608248e+01 1.300000000000000000e+01 1.300000000000000000e+01
1.200000000000000000e+01 2.000000000000000000e+01 1.469338677354709155e+01 1.200000000000000000e+01 2.000000000000000000e+01 1.200000000000000000e+01 1.499010460842520587e+01 1.565498384290330058e+01 1.517095310136156172e+01 1.450739805124502624e+01 1.200000000000000000e+01 1.329004329004330032e+01 1.261415874961691586e+01 1.151040096472716101e+01
1.100000000000000000e+01 1.441663302381918577e+01 1.471628289473683715e+01 1.476325550949158938e+01 2.000000000000000000e+01 2.000000000000000000e+01 1.525821596244133183e+01 1.572160776908553892e+01 2.000000000000000000e+01 1.456819535437757374e+01 1.100000000000000000e+01 2.000000000000000000e+01 1.268797564687975310e+01 1.100000000000000000e+01
1.000000000000000000e+01 1.507885236557095432e+01 1.466340269277846708e+01 1.451925145192515387e+01 1.500216919739697730e+01 2.000000000000000000e+01 1.530168946098146421e+01 2.000000000000000000e+01 2.000000000000000000e+01 1.476259831051559068e+01 1.404134806003965430e+01 1.352727272727271846e+01 2.000000000000000000e+01 1.193123209169053567e+01
9.000000000000000000e+00 1.452722626302337794e+01 1.465338314653379825e+01 1.493585415259960314e+01 1.477252843394576587e+01 2.000000000000000000e+01 1.547327249022162832e+01 2.000000000000000000e+01 1.591337579617833597e+01 1.445303210463735333e+01 1.410046728971962082e+01 1.406429391504018156e+01 2.000000000000000000e+01 2.000000000000000000e+01
8.000000000000000000e+00 1.509700176366842683e+01 1.459970582055052368e+01 1.471440397350996676e+01 1.487567567567567473e+01 2.000000000000000000e+01 1.564308681672025969e+01 2.000000000000000000e+01 1.570354457572504536e+01 1.428571428571428648e+01 1.407574901074050899e+01 2.000000000000000000e+01 1.242751563388289249e+01 1.250000000000000000e+01
7.000000000000000000e+00 1.524339360222531603e+01 1.465789473684209376e+01 1.435406698564593242e+01 2.000000000000000000e+01 1.250000000000000000e+01 2.000000000000000000e+01 1.528963414634146112e+01 2.000000000000000000e+01 1.497599999999999909e+01 1.327510917030567938e+01 1.333333333333333393e+01 1.307865168539323797e+01 1.118174409127954938e+01
6.000000000000000000e+00 2.000000000000000000e+01 2.000000000000000000e+01 1.298165137614679843e+01 1.198931116389549345e+01 1.324555628703093468e+01 1.356741573033707837e+01 2.000000000000000000e+01 1.457446808510637659e+01 1.325645756457565128e+01 1.223571428571429287e+01 1.176356589147286869e+01 1.148550724637681952e+01 2.000000000000000000e+01
5.000000000000000000e+00 1.036607142857142705e+01 1.000746268656716786e+01 1.428571428571428648e+01 2.000000000000000000e+01 1.074074074074075824e+01 1.038888888888888573e+01 1.096856414613424135e+01 1.208984375000000888e+01 1.083993660855785279e+01 1.054838709677419040e+01 1.036400404448938417e+01 2.000000000000000000e+01 2.000000000000000000e+01
4.000000000000000000e+00 7.891221374045795045e+00 7.609561752988052596e+00 7.009345794392518592e+00 7.350069735006981020e+00 8.173134328358191425e+00 8.205128205128204399e+00 8.802938634399296802e+00 9.718543046357618564e+00 1.333333333333333393e+01 8.441558441558450809e+00 8.496932515337428882e+00 7.535511363636365090e+00 7.342419080068137482e+00
3.000000000000000000e+00 5.062240663900421822e+00 6.010000000000004228e+00 5.116448326055308193e+00 5.079491255961840146e+00 6.031948881789139350e+00 5.576036866359444844e+00 6.121359223300977703e+00 5.567484662576688947e+00 6.361867704280157021e+00 5.604089219330854910e+00 1.333333333333333393e+01 5.634674922600617641e+00 5.390404515522116746e+00
2.000000000000000000e+00 4.266784452296816355e+00 4.141048824593129396e+00 3.493530499075785833e+00 3.502722323049001663e+00 3.713235294117648078e+00 5.555555555555555802e-01 2.000000000000000000e+01 4.547872340425531235e+00 4.464831804281345740e+00 5.223214285714288252e+00 4.328782707622294446e+00 4.517453798767965267e+00 1.333333333333333393e+01
1.000000000000000000e+00 2.619834710743802475e+00 1.791044776119401494e+00 1.663568773234198384e+00 1.804008908685969415e+00 1.768929503916445656e+00 6.153846153846153300e+00 1.820175438596491890e+00 2.197183098591547257e+00 2.952127659574466989e+00 2.554347826086955209e+00 2.442748091603051286e+00 1.678571428571427937e+00 1.720812182741118468e+00
0.000000000000000000e+00 4.459691252144080686e-01 4.280821917808218524e-01 3.546099290780143076e-01 5.405405405405410146e-01 4.044943820224716213e-01 0.000000000000000000e+00 3.404471544715444442e-01 5.813953488372088918e-01 3.055555555555555802e-01 3.154205607476638362e-01 4.958677685950410585e-01 3.896103896103896846e-01 4.368358913813463751e-01
