2.100000000000000000e+01 2.100000000000000000e+01 2.100000000000000000e+01 2.100000000000000000e+01 2.100000000000000000e+01 2.100000000000000000e+01 2.100000000000000000e+01 2.100000000000000000e+01 2.100000000000000000e+01 2.100000000000000000e+01 2.100000000000000000e+01 2.100000000000000000e+01 2.100000000000000000e+01 2.100000000000000000e+01
2.000000000000000000e+01 2.000000000000000000e+01 1.125000000000000178e+01 1.363636363636363491e+01 1.214285714285714057e+01 1.870967741935483630e+01 1.775510204081632892e+01 1.750000000000000000e+01 1.718750000000000000e+01 1.357142857142857295e+01 1.066666666666666607e+01 1.359999999999999787e+01 1.452380952380952195e+01 9.947368421052638965e+00
1.900000000000000000e+01 1.239884393063583623e+01 1.166666666666666607e+01 1.645454545454546036e+01 1.342105263157895401e+01 1.451612903225806761e+01 1.538461538461538503e+01 1.740740740740741543e+01 1.419354838709677402e+01 1.170212765957446699e+01 1.416666666666666607e+01 1.333333333333333215e+01 1.548780487804878092e+01 1.308823529411764852e+01
1.800000000000000000e+01 1.413043478260869712e+01 1.321428571428571352e+01 1.441176470588235325e+01 1.333333333333333215e+01 1.428571428571428470e+01 1.332031250000000178e+01 1.422535211267605604e+01 1.533898305084745672e+01 1.692708333333333215e+01 1.812500000000000000e+01 1.187500000000000000e+01 1.600000000000000000e+01 1.500000000000000178e+01
1.700000000000000000e+01 1.333333333333333215e+01 1.027272727272727160e+01 1.202127659574467877e+01 1.208333333333333570e+01 1.783783783783783505e+01 2.000000000000000000e+01 1.333333333333333393e+01 1.547169811320754818e+01 1.385826771653543865e+01 1.178571428571428648e+01 1.874999999999999645e+01 1.257142857142857117e+01 1.257142857142856940e+01
1.600000000000000000e+01 1.288461538461538680e+01 8.627450980392154634e+00 1.500000000000000000e+01 1.500000000000000000e+01 1.138888888888888751e+01 1.222222222222222143e+01 1.409090909090909172e+01 1.308641975308641925e+01 1.750000000000000000e+01 1.304347826086956452e+01 1.285714285714285587e+01 1.208333333333333393e+01 1.125000000000000000e+01
1.500000000000000000e+01 1.170940170940170688e+01 1.444444444444444464e+01 1.078947368421052566e+01 1.562500000000000178e+01 1.199999999999999822e+01 1.460937499999999822e+01 1.323529411764705799e+01 1.467741935483870996e+01 1.250000000000000000e+01 9.615384615384616751e+00 1.600000000000000000e+01 1.199999999999999822e+01 1.562500000000000000e+01
1.400000000000000000e+01 1.406250000000000178e+01 1.125000000000000000e+01 1.456521739130435122e+01 1.105769230769230660e+01 1.500000000000000000e+01 1.600000000000000000e+01 1.800000000000000000e+01 1.359999999999999964e+01 1.833333333333333570e+01 1.549999999999999822e+01 1.487179487179486870e+01 1.212121212121211933e+01 1.166666666666666607e+01
1.300000000000000000e+01 1.325581395348837077e+01 1.000000000000000000e+01 1.323529411764705976e+01 1.676470588235294201e+01 1.652173913043478493e+01 1.280000000000000071e+01 1.675925925925925952e+01 1.416666666666666607e+01 1.796610169491524900e+01 1.295081967213114282e+01 1.088235294117646923e+01 1.750000000000000000e+01 8.571428571428571175e+00
1.200000000000000000e+01 1.388554216867470359e+01 1.275862068965517260e+01 1.262499999999999822e+01 1.527777777777777857e+01 1.750000000000000000e+01 1.777777777777777857e+01 1.279069767441860783e+01 1.465517241379310143e+01 1.692307692307692335e+01 1.574074074074074403e+01 1.666666666666666785e+01 1.200000000000000000e+01 9.767441860465117642e+00
1.100000000000000000e+01 1.125000000000000355e+01 1.388888888888888928e+01 1.419999999999999929e+01 1.200000000000000000e+01 1.529411764705882426e+01 1.650000000000000000e+01 1.538461538461538503e+01 1.375000000000000178e+01 1.760869565217391397e+01 9.666666666666667851e+00 1.299999999999999822e+01 1.394736842105262831e+01 9.333333333333333925e+00
1.000000000000000000e+01 1.627802690582959855e+01 1.277777777777777857e+01 1.875000000000000711e+01 1.500000000000000000e+01 1.363636363636363491e+01 1.431034482758620641e+01 1.400000000000000000e+01 2.000000000000000000e+01 1.602941176470588047e+01 1.500000000000000000e+01 1.590909090909091006e+01 1.458333333333333393e+01 1.173728813559322326e+01
9.000000000000000000e+00 1.263157894736842302e+01 1.236842105263157876e+01 1.593750000000000355e+01 1.636363636363636331e+01 1.666666666666667140e+01 1.473451327433628855e+01 1.846153846153846345e+01 1.249999999999999645e+01 1.712121212121212110e+01 1.269230769230768807e+01 1.296296296296296191e+01 1.281249999999999822e+01 1.199999999999999822e+01
8.000000000000000000e+00 1.571428571428571530e+01 1.354166666666666785e+01 1.358490566037735725e+01 1.468750000000000000e+01 1.727272727272726272e+01 1.147058823529411953e+01 1.634146341463414132e+01 1.412408759124086899e+01 1.484276729559748631e+01 1.386363636363636509e+01 1.520000000000000107e+01 1.416666666666666607e+01 1.081481481481481133e+01
7.000000000000000000e+00 1.615384615384615330e+01 1.269230769230769162e+01 1.314285714285714235e+01 2.000000000000000000e+01 1.379807692307692690e+01 1.594827586206896086e+01 1.645348837209302673e+01 1.560439560439560580e+01 1.402173913043478137e+01 1.333333333333333393e+01 1.230769230769230660e+01 1.541666666666666430e+01 1.666666666666666785e+01
6.000000000000000000e+00 1.253086419753086034e+01 1.444444444444444464e+01 1.538461538461538503e+01 1.700000000000000000e+01 1.524999999999999822e+01 1.333333333333333393e+01 1.714285714285714235e+01 1.619999999999999574e+01 1.314516129032258185e+01 1.428571428571428292e+01 1.000000000000000178e+01 1.000000000000000000e+01 1.062500000000000000e+01
5.000000000000000000e+00 8.146067415730337657e+00 1.064655172413793061e+01 1.442307692307691980e+01 9.261363636363627805e+00 1.064220183486238192e+01 1.299999999999999822e+01 1.031645569620253511e+01 1.600000000000000000e+01 1.099999999999999822e+01 9.680851063829789993e+00 9.551282051282052876e+00 7.571428571428572063e+00 7.536231884057971619e+00
4.000000000000000000e+00 1.094017094017093861e+01 6.567796610169490457e+00 5.896226415094339757e+00 6.686046511627907307e+00 6.304347826086955209e+00 8.048780487804878092e+00 8.750000000000001776e+00 8.353658536585360395e+00 8.688524590163936523e+00 7.469135802469141439e+00 7.539682539682538653e+00 8.805970149253727897e+00 7.647058823529413907e+00
3.000000000000000000e+00 4.710144927536232373e+00 7.500000000000001776e+00 4.634146341463416974e+00 4.411764705882354143e+00 5.925925925925923821e+00 6.683168316831684663e+00 6.896551724137929718e+00 6.866666666666668917e+00 1.233333333333333215e+01 5.408163265306121126e+00 8.384615384615383249e+00 6.791044776119404602e+00 6.147540983606555542e+00
2.000000000000000000e+00 1.117647058823529527e+01 3.983739837398372785e+00 5.303030303030306314e+00 5.875000000000000888e+00 4.534883720930233508e+00 3.312500000000000444e+00 3.333333333333333925e+00 7.109374999999997335e+00 3.809523809523808868e+00 3.615384615384614975e+00 4.333333333333334814e+00 4.868421052631576984e+00 4.596774193548387011e+00
1.000000000000000000e+00 2.216981132075471095e+00 3.616071428571428381e+00 1.938775510204081565e+00 2.210526315789475227e+00 2.037037037037038090e+00 2.906976744186046790e+00 2.890625000000000000e+00 2.685185185185185119e+00 2.127659574468085069e+00 2.589285714285713524e+00 2.100000000000000089e+00 2.540983606557376984e+00 1.718750000000000000e+00
0.000000000000000000e+00 1.250000000000000444e+00 1.637168141592920012e+00 1.354166666666666963e+00 1.084337349397590300e+00 6.349206349206349964e-01 5.882352941176470784e-01 1.162790697674418450e-01 1.379310344827586077e+00 9.210526315789473450e-01 6.451612903225807383e-01 1.509433962264150830e+00 2.542372881355932646e-01 9.803921568627452232e-02
