0.000000000000000000e+00 0.000000000000000000e+00 0.000000000000000000e+00 0.000000000000000000e+00 0.000000000000000000e+00 0.000000000000000000e+00 0.000000000000000000e+00 0.000000000000000000e+00 0.000000000000000000e+00 0.000000000000000000e+00 0.000000000000000000e+00 0.000000000000000000e+00 0.000000000000000000e+00 0.000000000000000000e+00
0.000000000000000000e+00 1.111111111111110894e+01 1.220338983050847403e+01 1.173913043478260754e+01 9.473684210526313265e+00 1.038461538461538680e+01 1.114754098360655377e+01 1.313725490196078383e+01 1.061224489795918302e+01 1.228571428571428648e+01 1.562500000000000178e+01 9.692307692307689848e+00 1.352941176470588225e+01 9.682539682539685444e+00
0.000000000000000000e+00 1.097222222222222143e+01 1.281250000000000178e+01 1.264150943396226268e+01 9.016393442622948839e+00 1.107692307692307310e+01 1.226415094339622236e+01 1.470588235294117752e+01 1.352941176470587870e+01 1.714285714285714235e+01 1.196428571428571352e+01 1.132075471698113311e+01 1.197183098591549388e+01 8.769230769230768274e+00
0.000000000000000000e+00 1.204545454545454142e+01 1.269841269841269948e+01 1.642857142857143060e+01 1.109090909090909349e+01 1.666666666666666785e+01 1.106666666666666643e+01 1.392857142857142705e+01 1.750000000000000000e+01 1.365384615384615330e+01 1.666666666666666430e+01 1.000000000000000000e+01 1.051282051282051277e+01 9.436619718309858129e+00
0.000000000000000000e+00 1.325301204819276712e+01 1.135135135135134909e+01 1.154929577464788615e+01 8.958333333333332149e+00 1.000000000000000000e+01 1.061538461538461497e+01 1.285714285714285765e+01 1.228571428571428470e+01 1.507246376811594146e+01 1.072727272727272663e+01 1.125000000000000355e+01 9.523809523809521949e+00 9.367088607594940441e+00
0.000000000000000000e+00 1.168421052631578760e+01 1.354838709677419395e+01 1.083333333333333215e+01 1.126315789473684070e+01 1.071428571428571708e+01 1.162500000000000000e+01 1.375000000000000000e+01 1.296875000000000000e+01 1.141025641025640525e+01 8.507462686567162535e+00 1.033898305084746205e+01 1.126760563380281788e+01 1.094594594594594383e+01
0.000000000000000000e+00 1.325301204819277068e+01 1.024390243902438868e+01 9.999999999999998224e+00 1.044444444444444819e+01 1.142857142857142705e+01 1.226415094339622591e+01 1.203703703703703276e+01 1.030769230769231193e+01 1.307692307692307843e+01 1.014285714285713880e+01 1.156249999999999822e+01 1.437499999999999822e+01 8.333333333333335702e+00
0.000000000000000000e+00 1.058823529411764852e+01 9.278350515463918313e+00 9.787234042553196289e+00 9.306930693069311644e+00 1.043010752688172360e+01 1.038461538461538680e+01 1.176470588235294201e+01 1.079999999999999538e+01 1.076923076923076827e+01 1.121951219512195230e+01 9.714285714285718853e+00 1.000000000000000355e+01 9.270833333333337478e+00
0.000000000000000000e+00 9.764705882352938460e+00 1.048780487804877559e+01 9.099999999999999645e+00 1.061855670103092386e+01 9.662921348314606362e+00 1.069999999999999929e+01 1.008928571428571352e+01 1.065789473684210442e+01 1.292682926829268375e+01 8.989898989898989612e+00 1.023809523809524080e+01 8.169014084507042028e+00 8.870967741935485762e+00
0.000000000000000000e+00 1.028037383177570341e+01 1.054347826086956275e+01 1.121212121212120927e+01 9.583333333333333925e+00 9.809523809523808424e+00 1.083969465648854857e+01 1.306451612903225801e+01 1.101851851851851549e+01 1.583333333333333393e+01 1.141025641025640347e+01 1.195652173913043548e+01 8.684210526315787604e+00 6.399999999999998579e+00
0.000000000000000000e+00 1.158333333333333393e+01 1.000000000000000000e+01 1.149532710280373315e+01 1.141304347826087628e+01 1.059999999999999787e+01 1.249999999999999645e+01 1.258620689655172420e+01 1.291666666666666785e+01 1.233009708737863974e+01 1.076923076923076827e+01 9.339622641509436107e+00 9.193548387096774022e+00 1.036585365853658836e+01
0.000000000000000000e+00 1.146341463414634099e+01 1.133333333333333393e+01 1.039215686274509487e+01 1.129310344827585766e+01 1.166666666666666607e+01 1.135135135135135087e+01 1.200000000000000178e+01 1.202020202020201900e+01 1.125000000000000355e+01 1.135416666666666607e+01 1.130952380952381020e+01 1.217948717948717707e+01 9.395973154362414093e+00
0.000000000000000000e+00 1.265060240963855342e+01 1.244444444444443931e+01 1.013986013986014001e+01 1.161616161616161058e+01 1.097560975609756539e+01 1.192982456140351033e+01 1.330645161290322775e+01 1.352000000000000846e+01 1.212499999999999289e+01 1.178861788617886219e+01 1.108333333333333215e+01 1.119999999999999929e+01 1.151260504201681378e+01
0.000000000000000000e+00 1.260273972602739967e+01 1.183486238532110058e+01 1.308270676691729406e+01 1.273972602739726057e+01 1.322314049586776896e+01 1.164179104477611837e+01 1.370370370370370239e+01 1.279661016949152419e+01 1.341772151898734045e+01 1.065420560747663359e+01 1.106060606060606588e+01 1.336283185840708576e+01 9.605263157894732728e+00
0.000000000000000000e+00 1.145833333333333215e+01 1.000000000000000000e+01 1.452380952380952905e+01 1.025316455696202311e+01 1.258620689655172420e+01 1.478873239436619969e+01 1.900000000000000000e+01 1.441558441558441395e+01 1.700000000000000000e+01 1.363636363636363669e+01 1.088235294117647101e+01 1.111111111111111072e+01 1.202380952380952372e+01
0.000000000000000000e+00 1.361111111111110894e+01 1.500000000000000000e+01 1.381818181818181479e+01 1.211267605633802802e+01 1.309859154929577230e+01 1.258426966292134885e+01 1.344827586206896619e+01 1.309859154929577585e+01 1.523809523809523725e+01 1.714285714285714235e+01 1.333333333333333393e+01 9.534883720930231732e+00 1.555555555555555536e+01
0.000000000000000000e+00 1.466666666666666785e+01 1.368421052631578938e+01 1.199999999999999822e+01 1.347826086956521685e+01 1.124999999999999645e+01 1.333333333333333570e+01 1.666666666666666785e+01 1.333333333333333393e+01 1.636363636363636331e+01 1.285714285714285765e+01 1.384615384615384492e+01 1.500000000000000000e+01 1.399999999999999822e+01
0.000000000000000000e+00 1.526315789473684248e+01 1.351351351351351404e+01 1.200000000000000000e+01 1.333333333333333393e+01 1.615384615384615330e+01 1.354166666666666430e+01 1.294117647058823550e+01 1.571428571428571352e+01 1.700000000000000000e+01 1.700000000000000000e+01 1.500000000000000000e+01 2.000000000000000000e+01 1.318181818181818166e+01
0.000000000000000000e+00 1.500000000000000000e+01 1.384615384615384848e+01 1.529411764705882426e+01 1.400000000000000178e+01 1.142857142857142883e+01 1.750000000000000355e+01 2.000000000000000000e+01 1.380952380952381020e+01 1.000000000000000000e+01 1.272727272727272663e+01 1.416666666666666785e+01 1.250000000000000000e+01 1.333333333333333393e+01
0.000000000000000000e+00 1.555555555555555536e+01 1.200000000000000000e+01 1.533333333333333570e+01 1.133333333333333393e+01 1.562500000000000000e+01 1.615384615384615330e+01 1.545454545454545503e+01 1.900000000000000000e+01 1.428571428571428648e+01 1.666666666666666785e+01 1.700000000000000000e+01 1.625000000000000000e+01 1.200000000000000000e+01
0.000000000000000000e+00 1.684210526315789735e+01 1.705882352941176450e+01 1.428571428571428648e+01 1.538461538461538503e+01 1.375000000000000000e+01 1.416666666666666607e+01 1.666666666666666785e+01 1.600000000000000000e+01 1.833333333333333215e+01 1.166666666666666607e+01 1.600000000000000000e+01 1.857142857142857295e+01 1.142857142857142883e+01
0.000000000000000000e+00 1.750000000000000000e+01 1.533333333333333215e+01 1.625000000000000000e+01 1.777777777777777857e+01 1.800000000000000000e+01 1.750000000000000000e+01 1.888888888888888928e+01 1.750000000000000000e+01 1.666666666666666785e+01 1.750000000000000000e+01 1.750000000000000000e+01 1.833333333333333215e+01 2.000000000000000000e+01
