0.000000000000000000e+00 0.000000000000000000e+00 0.000000000000000000e+00 0.000000000000000000e+00 0.000000000000000000e+00 0.000000000000000000e+00 0.000000000000000000e+00 0.000000000000000000e+00 0.000000000000000000e+00 0.000000000000000000e+00 0.000000000000000000e+00 0.000000000000000000e+00 0.000000000000000000e+00 0.000000000000000000e+00
0.000000000000000000e+00 2.000000000000000000e+01 2.000000000000000000e+01 2.000000000000000000e+01 2.000000000000000000e+01 2.000000000000000000e+01 2.000000000000000000e+01 1.510924369747898588e+01 1.493377483443708265e+01 2.000000000000000000e+01 2.000000000000000000e+01 2.000000000000000000e+01 2.000000000000000000e+01 2.000000000000000000e+01
0.000000000000000000e+00 1.353678929765885641e+01 2.000000000000000000e+01 2.000000000000000000e+01 1.356896551724138789e+01 2.000000000000000000e+01 2.000000000000000000e+01 2.000000000000000000e+01 2.000000000000000000e+01 2.000000000000000000e+01 2.000000000000000000e+01 2.000000000000000000e+01 1.086633663366337643e+01 1.037993920972644268e+01
0.000000000000000000e+00 2.000000000000000000e+01 2.000000000000000000e+01 2.000000000000000000e+01 2.000000000000000000e+01 1.058411214953270019e+01 2.000000000000000000e+01 2.000000000000000000e+01 2.000000000000000000e+01 1.406549520766773220e+01 2.000000000000000000e+01 1.227195945945945432e+01 1.115797546012268526e+01 9.836956521739111281e+00
0.000000000000000000e+00 2.000000000000000000e+01 1.299336650082919142e+01 2.000000000000000000e+01 2.000000000000000000e+01 2.000000000000000000e+01 1.487220447284345148e+01 1.420471281296023669e+01 1.429611650485436769e+01 2.000000000000000000e+01 1.248691099476438815e+01 2.000000000000000000e+01 1.115720524017467419e+01 1.037956204379561953e+01
0.000000000000000000e+00 2.000000000000000000e+01 2.000000000000000000e+01 1.219063545150500971e+01 1.253600000000000669e+01 2.000000000000000000e+01 1.401689708141322122e+01 2.000000000000000000e+01 2.000000000000000000e+01 1.328030303030302761e+01 2.000000000000000000e+01 1.110029940119762060e+01 1.063172043010753320e+01 9.895104895104902099e+00
0.000000000000000000e+00 2.000000000000000000e+01 2.000000000000000000e+01 2.000000000000000000e+01 2.000000000000000000e+01 9.991762767710040904e+00 2.000000000000000000e+01 1.355742296918768375e+01 2.000000000000000000e+01 1.302180685358256085e+01 1.038051750380516935e+01 1.077165354330707991e+01 2.000000000000000000e+01 2.000000000000000000e+01
0.000000000000000000e+00 2.000000000000000000e+01 1.046493902439023316e+01 1.059055118110235938e+01 2.000000000000000000e+01 8.908594815825392033e+00 2.000000000000000000e+01 2.000000000000000000e+01 2.000000000000000000e+01 2.000000000000000000e+01 2.000000000000000000e+01 9.993638676844781799e+00 2.000000000000000000e+01 9.238210399032645626e+00
0.000000000000000000e+00 8.936348408710214741e+00 9.749240121580541540e+00 2.000000000000000000e+01 2.000000000000000000e+01 2.000000000000000000e+01 2.000000000000000000e+01 1.179720279720280018e+01 2.000000000000000000e+01 2.000000000000000000e+01 9.347826086956525060e+00 9.304347826086948103e+00 8.157894736842091987e+00 8.872387238723886682e+00
0.000000000000000000e+00 1.029753265602322898e+01 2.000000000000000000e+01 9.948301329394402259e+00 1.015172413793104411e+01 8.673611111111101835e+00 1.700000000000000000e+01 2.000000000000000000e+01 2.000000000000000000e+01 2.000000000000000000e+01 1.017952127659575012e+01 2.000000000000000000e+01 2.000000000000000000e+01 2.000000000000000000e+01
0.000000000000000000e+00 2.000000000000000000e+01 2.000000000000000000e+01 2.000000000000000000e+01 1.037949400798934718e+01 8.767038413878568193e+00 2.000000000000000000e+01 2.000000000000000000e+01 1.131616595135909797e+01 2.000000000000000000e+01 1.022695035460993829e+01 9.803012746234077923e+00 2.000000000000000000e+01 9.629629629629631538e+00
0.000000000000000000e+00 2.000000000000000000e+01 2.000000000000000000e+01 2.000000000000000000e+01 2.000000000000000000e+01 9.353007945516464972e+00 2.000000000000000000e+01 1.224844720496896677e+01 1.149025069637883156e+01 2.000000000000000000e+01 2.000000000000000000e+01 2.000000000000000000e+01 8.940774487471520260e+00 2.000000000000000000e+01
0.000000000000000000e+00 2.000000000000000000e+01 2.000000000000000000e+01 2.000000000000000000e+01 2.000000000000000000e+01 1.013903743315506034e+01 2.000000000000000000e+01 1.117971334068356093e+01 2.000000000000000000e+01 2.000000000000000000e+01 2.000000000000000000e+01 2.000000000000000000e+01 9.689564068692206433e+00 9.572815533980591596e+00
0.000000000000000000e+00 2.000000000000000000e+01 2.000000000000000000e+01 2.000000000000000000e+01 2.000000000000000000e+01 1.062944162436548012e+01 2.000000000000000000e+01 1.201036269430050929e+01 2.000000000000000000e+01 1.144649933949801124e+01 2.000000000000000000e+01 1.060654008438818963e+01 2.000000000000000000e+01 9.614561027837277507e+00
0.000000000000000000e+00 2.000000000000000000e+01 2.000000000000000000e+01 2.000000000000000000e+01 1.226130653266331905e+01 1.126865671641791700e+01 1.208791208791208760e+01 2.000000000000000000e+01 1.136956521739130110e+01 2.000000000000000000e+01 2.000000000000000000e+01 1.167919799498747579e+01 2.000000000000000000e+01 2.000000000000000000e+01
0.000000000000000000e+00 1.042944785276073816e+01 1.083333333333333215e+01 9.950980392156866472e+00 1.347826086956521685e+01 1.288461538461538503e+01 2.000000000000000000e+01 1.258354755784061219e+01 2.000000000000000000e+01 2.000000000000000000e+01 2.000000000000000000e+01 2.000000000000000000e+01 2.000000000000000000e+01 9.991273996509608679e+00
0.000000000000000000e+00 2.000000000000000000e+01 1.350000000000000000e+01 1.175925925925926485e+01 1.139303482587064664e+01 1.500000000000000000e+01 2.000000000000000000e+01 2.000000000000000000e+01 2.000000000000000000e+01 2.000000000000000000e+01 2.000000000000000000e+01 2.000000000000000000e+01 1.054411764705881893e+01 1.065137614678898359e+01
0.000000000000000000e+00 2.000000000000000000e+01 2.000000000000000000e+01 2.000000000000000000e+01 2.000000000000000000e+01 2.000000000000000000e+01 1.250000000000000000e+01 2.000000000000000000e+01 2.000000000000000000e+01 1.192090395480226306e+01 2.000000000000000000e+01 2.000000000000000000e+01 2.000000000000000000e+01 2.000000000000000000e+01
0.000000000000000000e+00 2.000000000000000000e+01 2.000000000000000000e+01 1.500000000000000000e+01 2.000000000000000000e+01 1.000000000000000000e+01 2.000000000000000000e+01 1.333333333333333393e+01 2.000000000000000000e+01 2.000000000000000000e+01 8.750000000000000000e+00 1.186868686868687028e+01 2.000000000000000000e+01 1.000000000000000000e+01
0.000000000000000000e+00 1.000000000000000000e+01 1.000000000000000000e+01 2.000000000000000000e+01 6.666666666666666963e+00 7.500000000000000000e+00 2.000000000000000000e+01 1.456284153005464788e+01 2.000000000000000000e+01 6.250000000000000000e+00 2.000000000000000000e+01 8.333333333333332149e+00 2.000000000000000000e+01 1.171247357293869484e+01
0.000000000000000000e+00 2.000000000000000000e+01 2.000000000000000000e+01 5.000000000000000000e+00 2.000000000000000000e+01 2.000000000000000000e+01 2.000000000000000000e+01 2.000000000000000000e+01 2.000000000000000000e+01 1.000000000000000000e+01 2.000000000000000000e+01 8.333333333333332149e+00 2.000000000000000000e+01 2.000000000000000000e+01
0.000000000000000000e+00 5.000000000000000000e+00 2.000000000000000000e+01 5.000000000000000000e+00 5.000000000000000000e+00 2.000000000000000000e+01 0.000000000000000000e+00 5.000000000000000000e+00 2.000000000000000000e+01 2.000000000000000000e+01 2.000000000000000000e+01 2.000000000000000000e+01 2.000000000000000000e+01 5.000000000000000000e+00
