0.000000000000000000e+00 0.000000000000000000e+00 0.000000000000000000e+00 0.000000000000000000e+00 0.000000000000000000e+00 0.000000000000000000e+00 0.000000000000000000e+00 0.000000000000000000e+00 0.000000000000000000e+00 0.000000000000000000e+00 0.000000000000000000e+00 0.000000000000000000e+00 0.000000000000000000e+00 0.000000000000000000e+00
0.000000000000000000e+00 4.720000000000000000e+02 6.730000000000000000e+02 6.530000000000000000e+02 6.360000000000000000e+02 6.360000000000000000e+02 6.240000000000000000e+02 6.500000000000000000e+02 6.650000000000000000e+02 6.820000000000000000e+02 6.820000000000000000e+02 6.630000000000000000e+02 6.650000000000000000e+02 5.410000000000000000e+02
0.000000000000000000e+00 6.910000000000000000e+02 5.540000000000000000e+02 5.960000000000000000e+02 6.340000000000000000e+02 7.030000000000000000e+02 6.990000000000000000e+02 6.990000000000000000e+02 7.110000000000000000e+02 6.410000000000000000e+02 7.280000000000000000e+02 6.980000000000000000e+02 6.490000000000000000e+02 6.930000000000000000e+02
0.000000000000000000e+00 7.720000000000000000e+02 6.870000000000000000e+02 6.300000000000000000e+02 7.650000000000000000e+02 7.590000000000000000e+02 7.150000000000000000e+02 7.080000000000000000e+02 7.450000000000000000e+02 7.550000000000000000e+02 7.350000000000000000e+02 7.510000000000000000e+02 7.440000000000000000e+02 7.120000000000000000e+02
0.000000000000000000e+00 7.510000000000000000e+02 7.770000000000000000e+02 7.470000000000000000e+02 6.310000000000000000e+02 7.660000000000000000e+02 8.250000000000000000e+02 7.660000000000000000e+02 7.470000000000000000e+02 7.490000000000000000e+02 8.530000000000000000e+02 7.760000000000000000e+02 7.610000000000000000e+02 7.310000000000000000e+02
0.000000000000000000e+00 8.070000000000000000e+02 8.220000000000000000e+02 7.910000000000000000e+02 7.730000000000000000e+02 7.020000000000000000e+02 9.180000000000000000e+02 9.260000000000000000e+02 8.580000000000000000e+02 8.790000000000000000e+02 8.550000000000000000e+02 8.190000000000000000e+02 8.480000000000000000e+02 8.220000000000000000e+02
0.000000000000000000e+00 8.670000000000000000e+02 8.560000000000000000e+02 9.450000000000000000e+02 9.100000000000000000e+02 8.930000000000000000e+02 7.370000000000000000e+02 9.330000000000000000e+02 8.720000000000000000e+02 9.540000000000000000e+02 9.420000000000000000e+02 9.450000000000000000e+02 9.110000000000000000e+02 8.280000000000000000e+02
0.000000000000000000e+00 1.055000000000000000e+03 9.820000000000000000e+02 1.025000000000000000e+03 9.400000000000000000e+02 9.330000000000000000e+02 9.720000000000000000e+02 8.280000000000000000e+02 9.860000000000000000e+02 1.011000000000000000e+03 9.680000000000000000e+02 1.001000000000000000e+03 1.000000000000000000e+03 9.620000000000000000e+02
0.000000000000000000e+00 1.056000000000000000e+03 1.074000000000000000e+03 1.021000000000000000e+03 1.020000000000000000e+03 1.013000000000000000e+03 1.029000000000000000e+03 9.590000000000000000e+02 9.330000000000000000e+02 1.062000000000000000e+03 1.059000000000000000e+03 1.057000000000000000e+03 1.048000000000000000e+03 1.049000000000000000e+03
0.000000000000000000e+00 1.102000000000000000e+03 1.156000000000000000e+03 1.098000000000000000e+03 1.174000000000000000e+03 1.121000000000000000e+03 1.180000000000000000e+03 1.104000000000000000e+03 1.159000000000000000e+03 9.810000000000000000e+02 1.090000000000000000e+03 1.150000000000000000e+03 1.116000000000000000e+03 1.105000000000000000e+03
0.000000000000000000e+00 1.178000000000000000e+03 1.115000000000000000e+03 1.206000000000000000e+03 1.207000000000000000e+03 1.154000000000000000e+03 1.227000000000000000e+03 1.167000000000000000e+03 1.243000000000000000e+03 1.190000000000000000e+03 1.063000000000000000e+03 1.147000000000000000e+03 1.156000000000000000e+03 1.150000000000000000e+03
0.000000000000000000e+00 1.268000000000000000e+03 1.302000000000000000e+03 1.284000000000000000e+03 1.428000000000000000e+03 1.339000000000000000e+03 1.226000000000000000e+03 1.305000000000000000e+03 1.299000000000000000e+03 1.251000000000000000e+03 1.333000000000000000e+03 1.096000000000000000e+03 1.296000000000000000e+03 1.213000000000000000e+03
0.000000000000000000e+00 1.378000000000000000e+03 1.347000000000000000e+03 1.439000000000000000e+03 1.360000000000000000e+03 1.428000000000000000e+03 1.279000000000000000e+03 1.327000000000000000e+03 1.406000000000000000e+03 1.344000000000000000e+03 1.349000000000000000e+03 1.328000000000000000e+03 1.199000000000000000e+03 1.357000000000000000e+03
0.000000000000000000e+00 1.500000000000000000e+03 1.493000000000000000e+03 1.426000000000000000e+03 1.463000000000000000e+03 1.423000000000000000e+03 1.474000000000000000e+03 1.467000000000000000e+03 1.426000000000000000e+03 1.351000000000000000e+03 1.499000000000000000e+03 1.540000000000000000e+03 1.471000000000000000e+03 1.227000000000000000e+03
0.000000000000000000e+00 9.250000000000000000e+02 9.430000000000000000e+02 9.470000000000000000e+02 8.930000000000000000e+02 8.260000000000000000e+02 8.670000000000000000e+02 7.330000000000000000e+02 8.290000000000000000e+02 8.930000000000000000e+02 9.500000000000000000e+02 8.440000000000000000e+02 8.970000000000000000e+02 8.500000000000000000e+02
0.000000000000000000e+00 2.070000000000000000e+02 9.410000000000000000e+02 9.040000000000000000e+02 9.650000000000000000e+02 9.360000000000000000e+02 9.720000000000000000e+02 9.080000000000000000e+02 9.280000000000000000e+02 6.350000000000000000e+02 9.600000000000000000e+02 9.290000000000000000e+02 8.810000000000000000e+02 8.920000000000000000e+02
0.000000000000000000e+00 1.900000000000000000e+02 2.120000000000000000e+02 3.770000000000000000e+02 1.540000000000000000e+02 4.220000000000000000e+02 5.440000000000000000e+02 1.360000000000000000e+02 1.950000000000000000e+02 1.140000000000000000e+02 1.240000000000000000e+02 1.280000000000000000e+02 1.500000000000000000e+02 1.620000000000000000e+02
0.000000000000000000e+00 1.720000000000000000e+02 1.610000000000000000e+02 1.830000000000000000e+02 1.500000000000000000e+02 1.370000000000000000e+02 1.600000000000000000e+02 1.210000000000000000e+02 1.330000000000000000e+02 1.320000000000000000e+02 1.220000000000000000e+02 1.200000000000000000e+02 1.000000000000000000e+02 1.130000000000000000e+02
0.000000000000000000e+00 1.830000000000000000e+02 1.600000000000000000e+02 1.510000000000000000e+02 1.530000000000000000e+02 1.470000000000000000e+02 1.280000000000000000e+02 1.310000000000000000e+02 9.100000000000000000e+01 1.360000000000000000e+02 1.350000000000000000e+02 1.050000000000000000e+02 9.700000000000000000e+01 8.500000000000000000e+01
0.000000000000000000e+00 1.750000000000000000e+02 1.330000000000000000e+02 1.340000000000000000e+02 1.430000000000000000e+02 1.180000000000000000e+02 1.370000000000000000e+02 1.120000000000000000e+02 1.240000000000000000e+02 1.090000000000000000e+02 9.700000000000000000e+01 8.600000000000000000e+01 1.250000000000000000e+02 9.600000000000000000e+01
0.000000000000000000e+00 1.320000000000000000e+02 1.410000000000000000e+02 1.190000000000000000e+02 1.190000000000000000e+02 1.310000000000000000e+02 1.150000000000000000e+02 9.100000000000000000e+01 9.200000000000000000e+01 9.300000000000000000e+01 8.800000000000000000e+01 8.200000000000000000e+01 8.400000000000000000e+01 9.500000000000000000e+01
0.000000000000000000e+00 1.250000000000000000e+02 1.340000000000000000e+02 1.460000000000000000e+02 1.210000000000000000e+02 1.110000000000000000e+02 1.080000000000000000e+02 9.700000000000000000e+01 1.010000000000000000e+02 8.500000000000000000e+01 8.200000000000000000e+01 8.500000000000000000e+01 7.400000000000000000e+01 7.200000000000000000e+01
