0.000000000000000000e+00 0.000000000000000000e+00 0.000000000000000000e+00 0.000000000000000000e+00 0.000000000000000000e+00 0.000000000000000000e+00 0.000000000000000000e+00 0.000000000000000000e+00 0.000000000000000000e+00 0.000000000000000000e+00 0.000000000000000000e+00 0.000000000000000000e+00 0.000000000000000000e+00 0.000000000000000000e+00
0.000000000000000000e+00 1.589000000000000000e+03 1.969000000000000000e+03 1.835000000000000000e+03 1.874000000000000000e+03 1.795000000000000000e+03 1.666000000000000000e+03 0.000000000000000000e+00 0.000000000000000000e+00 1.562000000000000000e+03 1.262000000000000000e+03 1.379000000000000000e+03 1.246000000000000000e+03 1.266000000000000000e+03
0.000000000000000000e+00 0.000000000000000000e+00 1.518000000000000000e+03 1.845000000000000000e+03 0.000000000000000000e+00 1.759000000000000000e+03 1.640000000000000000e+03 1.636000000000000000e+03 1.630000000000000000e+03 1.589000000000000000e+03 1.360000000000000000e+03 1.338000000000000000e+03 0.000000000000000000e+00 0.000000000000000000e+00
0.000000000000000000e+00 2.248000000000000000e+03 2.028000000000000000e+03 1.456000000000000000e+03 1.936000000000000000e+03 0.000000000000000000e+00 1.687000000000000000e+03 1.813000000000000000e+03 1.668000000000000000e+03 0.000000000000000000e+00 1.420000000000000000e+03 0.000000000000000000e+00 0.000000000000000000e+00 0.000000000000000000e+00
0.000000000000000000e+00 2.246000000000000000e+03 0.000000000000000000e+00 1.947000000000000000e+03 1.425000000000000000e+03 1.797000000000000000e+03 0.000000000000000000e+00 0.000000000000000000e+00 0.000000000000000000e+00 1.433000000000000000e+03 0.000000000000000000e+00 1.392000000000000000e+03 0.000000000000000000e+00 0.000000000000000000e+00
0.000000000000000000e+00 2.312000000000000000e+03 2.222000000000000000e+03 0.000000000000000000e+00 0.000000000000000000e+00 1.378000000000000000e+03 1.000000000000000000e+00 1.742000000000000000e+03 1.690000000000000000e+03 0.000000000000000000e+00 1.490000000000000000e+03 0.000000000000000000e+00 0.000000000000000000e+00 0.000000000000000000e+00
0.000000000000000000e+00 2.210000000000000000e+03 2.193000000000000000e+03 2.122000000000000000e+03 2.048000000000000000e+03 0.000000000000000000e+00 1.497000000000000000e+03 2.000000000000000000e+00 1.610000000000000000e+03 0.000000000000000000e+00 5.000000000000000000e+00 0.000000000000000000e+00 1.675000000000000000e+03 1.467000000000000000e+03
0.000000000000000000e+00 2.355000000000000000e+03 0.000000000000000000e+00 0.000000000000000000e+00 2.002000000000000000e+03 0.000000000000000000e+00 1.887000000000000000e+03 1.450000000000000000e+03 1.630000000000000000e+03 1.540000000000000000e+03 1.519000000000000000e+03 0.000000000000000000e+00 1.565000000000000000e+03 0.000000000000000000e+00
0.000000000000000000e+00 1.460000000000000000e+02 2.000000000000000000e+00 2.083000000000000000e+03 2.108000000000000000e+03 1.957000000000000000e+03 1.806000000000000000e+03 0.000000000000000000e+00 1.269000000000000000e+03 1.592000000000000000e+03 4.000000000000000000e+00 1.150000000000000000e+02 0.000000000000000000e+00 0.000000000000000000e+00
0.000000000000000000e+00 4.000000000000000000e+00 2.460000000000000000e+03 0.000000000000000000e+00 6.000000000000000000e+00 0.000000000000000000e+00 1.755000000000000000e+03 1.963000000000000000e+03 1.626000000000000000e+03 1.437000000000000000e+03 0.000000000000000000e+00 1.594000000000000000e+03 1.654000000000000000e+03 1.596000000000000000e+03
0.000000000000000000e+00 2.433000000000000000e+03 2.323000000000000000e+03 2.273000000000000000e+03 3.000000000000000000e+00 3.000000000000000000e+00 1.995000000000000000e+03 1.866000000000000000e+03 2.000000000000000000e+00 1.624000000000000000e+03 0.000000000000000000e+00 2.000000000000000000e+00 1.644000000000000000e+03 0.000000000000000000e+00
0.000000000000000000e+00 2.551000000000000000e+03 2.415000000000000000e+03 2.318000000000000000e+03 2.355000000000000000e+03 2.000000000000000000e+00 1.971000000000000000e+03 4.000000000000000000e+00 3.000000000000000000e+00 1.684000000000000000e+03 1.752000000000000000e+03 1.425000000000000000e+03 3.000000000000000000e+00 1.739000000000000000e+03
0.000000000000000000e+00 2.548000000000000000e+03 2.552000000000000000e+03 2.176000000000000000e+03 2.255000000000000000e+03 2.000000000000000000e+00 1.905000000000000000e+03 5.000000000000000000e+00 2.002000000000000000e+03 1.706000000000000000e+03 1.705000000000000000e+03 1.853000000000000000e+03 2.000000000000000000e+00 2.000000000000000000e+00
0.000000000000000000e+00 2.511000000000000000e+03 2.351000000000000000e+03 2.424000000000000000e+03 2.276000000000000000e+03 2.000000000000000000e+00 1.935000000000000000e+03 2.000000000000000000e+00 1.922000000000000000e+03 7.000000000000000000e+00 1.772000000000000000e+03 2.000000000000000000e+00 1.710000000000000000e+03 8.000000000000000000e+00
0.000000000000000000e+00 3.840000000000000000e+02 3.890000000000000000e+02 3.200000000000000000e+02 1.000000000000000000e+00 8.000000000000000000e+00 3.000000000000000000e+00 6.610000000000000000e+02 2.000000000000000000e+00 3.240000000000000000e+02 3.390000000000000000e+02 3.000000000000000000e+00 4.240000000000000000e+02 6.260000000000000000e+02
0.000000000000000000e+00 2.000000000000000000e+00 5.000000000000000000e+00 1.090000000000000000e+02 3.830000000000000000e+02 8.700000000000000000e+02 2.080000000000000000e+02 1.000000000000000000e+00 2.770000000000000000e+02 2.560000000000000000e+02 3.370000000000000000e+02 5.050000000000000000e+02 4.980000000000000000e+02 1.000000000000000000e+00
0.000000000000000000e+00 2.620000000000000000e+02 2.860000000000000000e+02 7.000000000000000000e+00 1.000000000000000000e+00 8.830000000000000000e+02 1.920000000000000000e+02 5.710000000000000000e+02 2.750000000000000000e+02 3.020000000000000000e+02 3.130000000000000000e+02 4.830000000000000000e+02 1.000000000000000000e+00 1.000000000000000000e+00
0.000000000000000000e+00 2.720000000000000000e+02 3.360000000000000000e+02 3.710000000000000000e+02 3.280000000000000000e+02 8.330000000000000000e+02 1.770000000000000000e+02 5.720000000000000000e+02 2.920000000000000000e+02 3.000000000000000000e+00 3.580000000000000000e+02 4.930000000000000000e+02 3.400000000000000000e+02 5.860000000000000000e+02
0.000000000000000000e+00 2.590000000000000000e+02 2.560000000000000000e+02 3.480000000000000000e+02 3.110000000000000000e+02 7.620000000000000000e+02 1.130000000000000000e+02 4.540000000000000000e+02 1.660000000000000000e+02 2.690000000000000000e+02 2.860000000000000000e+02 3.000000000000000000e+00 3.310000000000000000e+02 5.320000000000000000e+02
0.000000000000000000e+00 2.730000000000000000e+02 2.570000000000000000e+02 2.580000000000000000e+02 2.750000000000000000e+02 8.010000000000000000e+02 6.000000000000000000e+00 2.000000000000000000e+00 1.870000000000000000e+02 1.660000000000000000e+02 2.750000000000000000e+02 4.350000000000000000e+02 2.520000000000000000e+02 3.000000000000000000e+00
0.000000000000000000e+00 2.960000000000000000e+02 2.430000000000000000e+02 2.540000000000000000e+02 2.180000000000000000e+02 7.400000000000000000e+02 8.000000000000000000e+00 4.880000000000000000e+02 1.660000000000000000e+02 1.020000000000000000e+02 1.970000000000000000e+02 4.260000000000000000e+02 2.080000000000000000e+02 4.960000000000000000e+02
0.000000000000000000e+00 2.800000000000000000e+02 1.440000000000000000e+02 1.260000000000000000e+02 2.520000000000000000e+02 6.820000000000000000e+02 8.000000000000000000e+00 4.620000000000000000e+02 1.940000000000000000e+02 1.150000000000000000e+02 2.140000000000000000e+02 2.740000000000000000e+02 2.240000000000000000e+02 4.090000000000000000e+02
