0.000000000000000000e+00 0.000000000000000000e+00 0.000000000000000000e+00 0.000000000000000000e+00 0.000000000000000000e+00 0.000000000000000000e+00 0.000000000000000000e+00 0.000000000000000000e+00 0.000000000000000000e+00 0.000000000000000000e+00 0.000000000000000000e+00 0.000000000000000000e+00 0.000000000000000000e+00 0.000000000000000000e+00
0.000000000000000000e+00 1.110169491525424057e+01 1.022288261515601882e+01 1.015313935681470348e+01 9.905660377358485036e+00 1.114779874213836308e+01 1.140224358974359120e+01 1.133076923076921716e+01 1.247368421052632925e+01 1.143695014662756826e+01 1.007331378299122093e+01 9.984917043740569653e+00 8.864661654135334246e+00 9.177449168207022723e+00
0.000000000000000000e+00 1.051374819102748681e+01 9.422382671480143301e+00 1.065436241610738044e+01 1.052050473186118218e+01 1.053342816500710022e+01 1.103004291845495111e+01 1.153791130185981828e+01 1.203938115330520020e+01 1.153666146645867130e+01 1.064560439560440486e+01 1.041547277936963134e+01 9.599383667180285684e+00 9.480519480519486564e+00
0.000000000000000000e+00 1.046632124352331239e+01 1.061135371179039133e+01 9.849206349206355071e+00 1.026797385620916181e+01 1.003293807641634139e+01 1.178321678321678334e+01 1.124293785310734606e+01 1.192617449664430396e+01 1.159602649006623487e+01 1.059863945578231004e+01 1.069906790945405284e+01 9.657258064516124563e+00 8.981741573033714232e+00
0.000000000000000000e+00 1.056591211717710621e+01 9.916344916344918659e+00 1.039491298527442176e+01 1.006339144215531078e+01 1.090731070496084598e+01 1.083636363636363598e+01 1.135770234986945049e+01 1.265060240963854632e+01 1.140854472630174854e+01 1.028135990621334983e+01 1.016108247422680577e+01 8.889618922470438278e+00 9.493844049247600836e+00
0.000000000000000000e+00 9.882280049566306346e+00 1.001824817518247812e+01 1.015170670037926826e+01 9.450194049159147625e+00 1.041310541310540394e+01 1.024509803921568540e+01 1.104751619870410018e+01 1.190559440559438720e+01 1.088737201365188234e+01 1.039766081871344916e+01 9.871794871794874027e+00 9.433962264150945742e+00 8.296836982968383012e+00
0.000000000000000000e+00 1.004036908881200318e+01 9.170560747663563106e+00 9.111111111111112493e+00 9.571428571428574728e+00 9.742441209406507596e+00 9.993215739484391236e+00 1.005894962486600797e+01 1.105504587155964380e+01 1.045073375262054860e+01 9.782377919320591531e+00 9.661375661375650736e+00 8.649835345773865924e+00 8.188405797101436789e+00
0.000000000000000000e+00 9.654028436018954551e+00 8.457230142566181996e+00 9.102439024390251987e+00 8.414893617021276029e+00 9.115755627009635376e+00 9.547325102880659387e+00 9.873188405797096223e+00 1.115111561866126522e+01 9.831849653808099276e+00 9.189049586776855350e+00 8.936063936063943558e+00 8.165000000000004476e+00 7.796257796257795469e+00
0.000000000000000000e+00 9.365530303030304538e+00 8.538175046554954406e+00 8.550440744368293267e+00 8.588235294117659180e+00 8.617966436327726854e+00 9.373177842565597828e+00 9.363920750782064317e+00 1.078778135048231057e+01 9.411487758945385806e+00 8.149197355996223635e+00 8.131504257332073493e+00 7.581106870229008088e+00 7.087702573879887780e+00
0.000000000000000000e+00 9.568965517241373675e+00 8.992214532871969368e+00 9.403460837887053003e+00 8.688245315161831073e+00 9.183764495985721865e+00 9.584745762711863293e+00 1.067028985507246475e+01 1.085418464193270260e+01 9.841997961264013384e+00 9.298165137614688547e+00 8.830434782608692856e+00 8.364695340501784315e+00 7.977375565610860697e+00
0.000000000000000000e+00 9.876910016977932472e+00 9.869955156950652508e+00 9.722222222222210775e+00 9.656172328086178425e+00 9.766031195840554346e+00 1.035044824775876648e+01 1.041131105398459056e+01 1.175382139983909013e+01 1.065126050420168724e+01 9.962370649106317089e+00 9.503051438535312201e+00 8.996539792387535428e+00 8.230434782608696764e+00
0.000000000000000000e+00 9.921135646687691434e+00 9.896313364055322026e+00 9.996105919003115403e+00 9.709383753501418468e+00 1.048917102315160399e+01 1.076672104404568842e+01 1.136398467432950454e+01 1.180138568129330778e+01 1.076738609112708644e+01 1.010127531882969976e+01 9.475364963503649207e+00 8.757716049382702650e+00 8.499587798845841036e+00
0.000000000000000000e+00 1.012699564586355905e+01 1.042316258351892699e+01 1.083738707435719029e+01 1.035661764705882071e+01 1.063725490196079271e+01 1.100860046911649270e+01 1.102863602110024388e+01 1.187055476529162412e+01 1.157366071428570642e+01 1.014825796886581166e+01 1.050828313253012247e+01 9.612176814011677450e+00 9.178334561532778935e+00
0.000000000000000000e+00 1.153333333333333499e+01 1.111185532484929084e+01 1.105539971949508349e+01 1.084415584415585876e+01 1.132817990161633048e+01 1.093283582089553008e+01 1.215405589638718453e+01 1.264025245441795242e+01 1.150629163582530978e+01 1.052701801200800702e+01 1.011038961038961226e+01 9.986403806934070815e+00 9.193154034229811700e+00
0.000000000000000000e+00 1.168108108108108922e+01 1.075821845174973035e+01 1.146251319957763037e+01 1.122620380739081902e+01 1.199757869249395448e+01 1.158592848904267392e+01 1.230559345156888540e+01 1.250904704463208894e+01 1.205487122060471705e+01 1.126842105263158267e+01 1.079976303317535269e+01 9.944258639910801278e+00 9.770588235294107804e+00
0.000000000000000000e+00 1.229468599033816822e+01 1.142401700318809077e+01 1.175884955752212591e+01 1.189119170984457341e+01 1.226495726495726579e+01 1.212962962962963509e+01 1.215859030837004262e+01 1.302262931034482207e+01 1.196062992125982838e+01 1.151041666666668029e+01 1.072658772874058108e+01 1.043132803632236083e+01 9.736547085201793905e+00
0.000000000000000000e+00 1.192105263157894157e+01 1.120283018867925051e+01 1.250663129973474774e+01 1.175324675324675283e+01 1.151658767772511638e+01 1.265624999999999645e+01 1.301470588235293313e+01 1.402564102564102200e+01 1.206140350877192979e+01 1.266129032258064768e+01 1.128906250000000000e+01 1.206666666666666998e+01 1.003086419753087100e+01
0.000000000000000000e+00 1.287790697674418539e+01 1.226708074534161419e+01 1.210382513661202175e+01 1.156666666666665932e+01 1.328467153284671376e+01 1.321875000000000533e+01 1.326446280991735449e+01 1.296992481203007408e+01 1.325757575757576312e+01 1.077868852459016047e+01 1.170833333333333748e+01 1.155000000000000249e+01 1.079646017699114680e+01
0.000000000000000000e+00 1.270491803278688359e+01 1.193749999999999822e+01 1.337748344370861098e+01 1.303921568627451499e+01 1.295918367346938105e+01 1.570312499999999467e+01 1.297709923664122122e+01 1.412087912087911867e+01 1.466911764705882426e+01 1.337037037037037202e+01 1.252380952380952017e+01 1.144329896907216515e+01 1.147058823529412308e+01
0.000000000000000000e+00 1.322857142857142954e+01 1.402255639097744222e+01 1.365671641791044166e+01 1.248251748251748161e+01 1.525423728813559698e+01 1.474452554744525301e+01 1.495535714285713880e+01 1.604838709677419217e+01 1.477064220183486398e+01 1.273195876288660244e+01 1.325581395348836899e+01 1.271999999999999886e+01 1.156249999999999467e+01
0.000000000000000000e+00 1.416666666666667140e+01 1.581560283687942992e+01 1.554621848739496315e+01 1.609243697478991209e+01 1.480916030534351435e+01 1.695652173913043725e+01 1.576923076923077360e+01 1.625000000000000355e+01 1.548387096774193061e+01 1.477272727272727337e+01 1.518292682926829329e+01 1.315476190476190155e+01 1.268421052631578938e+01
0.000000000000000000e+00 1.520000000000000462e+01 1.652985074626865725e+01 1.650684931506848940e+01 1.566115702479338800e+01 1.689189189189189122e+01 1.625000000000000000e+01 1.675257731958762619e+01 1.643564356435643603e+01 1.505882352941176094e+01 1.432926829268292757e+01 1.611764705882352899e+01 1.574324324324324209e+01 1.520833333333332860e+01
