2.100000000000000000e+01 2.100000000000000000e+01 2.100000000000000000e+01 2.100000000000000000e+01 2.100000000000000000e+01 2.100000000000000000e+01 2.100000000000000000e+01 2.100000000000000000e+01 2.100000000000000000e+01 2.100000000000000000e+01 2.100000000000000000e+01 2.100000000000000000e+01 2.100000000000000000e+01 2.100000000000000000e+01
2.000000000000000000e+01 1.846153846153845990e+01 1.296296296296296369e+01 1.416666666666666785e+01 1.329268292682926500e+01 1.556818181818181657e+01 1.750000000000000355e+01 1.531250000000000178e+01 1.758928571428571530e+01 1.343750000000000178e+01 1.130434782608695699e+01 1.317647058823529349e+01 1.274193548387096619e+01 1.091772151898734222e+01
1.900000000000000000e+01 1.234636871508379663e+01 1.140000000000000036e+01 1.637931034482759074e+01 1.388601036269430367e+01 1.527777777777778034e+01 1.666666666666666430e+01 1.745454545454546036e+01 1.381578947368420884e+01 1.287499999999999822e+01 1.517241379310344662e+01 1.352941176470588225e+01 1.458333333333333570e+01 1.236842105263158054e+01
1.800000000000000000e+01 1.446428571428571352e+01 1.078947368421052566e+01 1.425000000000000178e+01 1.375000000000000000e+01 1.473684210526315752e+01 1.394444444444443931e+01 1.429530201342281437e+01 1.521428571428571530e+01 1.669811320754716633e+01 1.627659574468085069e+01 1.150000000000000178e+01 1.184210526315789380e+01 1.354166666666666963e+01
1.700000000000000000e+01 1.181818181818181657e+01 1.077464788732394219e+01 1.163793103448275978e+01 1.187500000000000178e+01 1.591836734693877276e+01 1.535714285714285765e+01 1.636363636363636331e+01 1.548387096774193594e+01 1.436241610738255403e+01 1.130434782608695521e+01 1.850000000000000000e+01 1.136363636363636154e+01 1.188888888888888751e+01
1.600000000000000000e+01 1.252941176470588225e+01 9.122807017543857810e+00 1.576923076923076827e+01 1.397727272727272485e+01 1.250000000000000000e+01 1.075757575757575779e+01 1.440476190476190332e+01 1.364864864864864558e+01 1.368421052631578760e+01 1.183333333333333215e+01 1.294117647058823373e+01 1.205882352941176450e+01 9.999999999999998224e+00
1.500000000000000000e+01 1.123015873015872934e+01 1.194444444444444642e+01 9.833333333333333925e+00 1.258064516129032562e+01 1.249999999999999822e+01 1.378571428571428470e+01 1.354166666666666607e+01 1.360465116279069697e+01 1.360000000000000142e+01 8.194444444444444642e+00 1.444444444444444642e+01 1.148148148148147918e+01 1.264705882352940947e+01
1.400000000000000000e+01 1.074074074074074225e+01 1.083333333333333393e+01 1.386792452830188971e+01 1.149122807017543835e+01 1.058823529411764675e+01 1.470588235294117574e+01 1.866666666666666785e+01 1.328947368421052744e+01 1.500000000000000355e+01 1.435483870967741638e+01 1.369999999999999751e+01 1.238095238095237782e+01 9.677419354838709964e+00
1.300000000000000000e+01 1.309090909090909172e+01 1.153846153846154010e+01 1.046875000000000000e+01 1.423076923076923173e+01 1.581081081081081052e+01 1.142857142857142883e+01 1.641666666666667140e+01 1.450000000000000000e+01 1.764705882352941302e+01 1.186666666666666181e+01 1.125000000000000000e+01 1.150000000000000000e+01 1.052631578947368496e+01
1.200000000000000000e+01 1.367052023121387627e+01 1.229729729729729826e+01 1.260416666666666607e+01 1.318181818181818343e+01 1.222222222222222321e+01 1.529411764705882426e+01 1.234375000000000355e+01 1.366666666666666607e+01 1.673913043478260576e+01 1.605263157894737347e+01 1.272727272727273018e+01 9.473684210526316818e+00 9.666666666666667851e+00
1.100000000000000000e+01 1.156862745098039369e+01 1.333333333333333393e+01 1.402439024390243816e+01 1.187500000000000000e+01 1.275862068965517260e+01 1.500000000000000178e+01 1.261904761904761862e+01 1.297297297297297014e+01 1.750000000000000355e+01 9.736842105263157521e+00 1.258064516129032029e+01 1.312499999999999822e+01 9.895833333333332149e+00
1.000000000000000000e+01 1.603004291845493867e+01 1.321428571428571530e+01 1.571428571428571708e+01 1.277777777777777679e+01 1.378787878787878718e+01 1.340425531914893398e+01 1.337209302325581284e+01 1.447368421052631327e+01 1.554347826086956630e+01 1.400000000000000000e+01 1.642857142857143060e+01 1.325000000000000000e+01 1.179687500000000000e+01
9.000000000000000000e+00 1.270270270270270530e+01 1.166666666666666430e+01 1.375000000000000178e+01 1.483333333333333393e+01 1.426829268292683039e+01 1.471631205673759624e+01 1.599999999999999822e+01 1.300000000000000000e+01 1.697674418604651336e+01 1.238095238095237605e+01 1.291044776119403004e+01 1.269230769230769340e+01 1.096491228070175517e+01
8.000000000000000000e+00 1.346153846153846345e+01 1.282051282051282115e+01 1.253246753246753009e+01 1.470588235294117574e+01 1.637499999999999289e+01 1.155555555555555536e+01 1.669642857142856229e+01 1.451086956521738536e+01 1.561752988047809154e+01 1.250000000000000178e+01 1.411111111111110894e+01 1.304347826086956452e+01 1.111111111111110716e+01
7.000000000000000000e+00 1.365384615384615508e+01 1.184210526315789558e+01 1.311688311688311792e+01 1.714285714285714235e+01 1.490506329113924444e+01 1.584615384615383959e+01 1.526442307692307665e+01 1.573770491803278659e+01 1.377192982456140236e+01 1.260869565217391397e+01 1.228813559322033910e+01 1.477272727272727160e+01 1.199999999999999822e+01
6.000000000000000000e+00 1.304166666666666075e+01 1.227272727272726982e+01 1.464285714285714413e+01 1.378378378378378244e+01 1.465517241379310143e+01 1.312500000000000000e+01 1.470588235294117574e+01 1.589743589743589425e+01 1.265060240963855698e+01 1.417910447761193637e+01 1.179104477611940816e+01 1.030612244897959151e+01 1.000000000000000000e+01
5.000000000000000000e+00 9.021739130434776044e+00 9.720000000000004192e+00 1.338709677419354627e+01 9.813829787234036317e+00 1.100436681222707236e+01 1.375000000000000000e+01 1.150602409638554313e+01 1.264285714285714235e+01 1.135542168674699326e+01 1.008108108108108070e+01 9.855491329479768581e+00 8.789808917197451166e+00 7.961783439490448977e+00
4.000000000000000000e+00 9.680134680134676373e+00 7.609561752988046379e+00 6.530172413793104091e+00 7.068181818181821008e+00 6.193415637860080203e+00 9.126984126984122980e+00 9.515306122448977888e+00 9.945355191256828320e+00 7.943262411347516760e+00 7.528735632183908955e+00 8.676470588235288162e+00 7.639751552795028822e+00 7.121212121212121104e+00
3.000000000000000000e+00 5.486486486486485070e+00 6.158301158301161315e+00 4.860000000000000320e+00 5.088105726872245604e+00 6.191860465116278966e+00 6.348039215686275050e+00 6.989528795811517092e+00 7.275641025641029103e+00 1.053763440860214651e+01 5.153374233128833914e+00 7.962962962962961910e+00 6.351351351351349983e+00 5.620437956204377805e+00
2.000000000000000000e+00 4.963503649635033987e+00 3.857142857142855430e+00 3.584474885844750158e+00 5.052910052910055683e+00 3.994974874371860718e+00 3.201438848920862501e+00 3.664596273291925499e+00 6.007194244604316502e+00 4.630872483221475377e+00 4.011976047904193265e+00 4.930555555555558911e+00 5.251798561151080236e+00 4.016393442622951504e+00
1.000000000000000000e+00 2.681818181818182101e+00 2.832512315270937719e+00 1.565217391304347894e+00 2.775000000000000799e+00 2.557471264367815245e+00 3.113772455089820035e+00 3.100000000000000089e+00 2.179487179487178850e+00 2.136363636363637575e+00 2.659574468085106780e+00 2.179487179487180626e+00 2.304347826086956541e+00 1.759259259259260189e+00
0.000000000000000000e+00 9.424083769633510022e-01 1.895161290322579628e+00 1.591928251121076832e+00 1.179775280898876177e+00 3.869047619047618625e-01 8.465608465608462918e-01 4.017857142857142461e-01 1.223021582733812895e+00 5.813953488372091138e-01 4.814814814814816213e-01 1.090909090909090384e+00 5.555555555555555802e-01 3.508771929824560654e-01
