0.000000000000000000e+00 0.000000000000000000e+00 0.000000000000000000e+00 0.000000000000000000e+00 0.000000000000000000e+00 0.000000000000000000e+00 0.000000000000000000e+00 0.000000000000000000e+00 0.000000000000000000e+00 0.000000000000000000e+00 0.000000000000000000e+00 0.000000000000000000e+00 0.000000000000000000e+00 0.000000000000000000e+00
0.000000000000000000e+00 2.000000000000000000e+01 2.000000000000000000e+01 2.000000000000000000e+01 2.000000000000000000e+01 2.000000000000000000e+01 2.000000000000000000e+01 1.464043993231810603e+01 1.479539641943732597e+01 2.000000000000000000e+01 2.000000000000000000e+01 2.000000000000000000e+01 2.000000000000000000e+01 2.000000000000000000e+01
0.000000000000000000e+00 1.371295512277730211e+01 2.000000000000000000e+01 2.000000000000000000e+01 1.328099173553718337e+01 2.000000000000000000e+01 2.000000000000000000e+01 2.000000000000000000e+01 2.000000000000000000e+01 2.000000000000000000e+01 2.000000000000000000e+01 2.000000000000000000e+01 1.097790507364974921e+01 1.017077045274028002e+01
0.000000000000000000e+00 2.000000000000000000e+01 2.000000000000000000e+01 2.000000000000000000e+01 2.000000000000000000e+01 1.095619208087615348e+01 2.000000000000000000e+01 2.000000000000000000e+01 2.000000000000000000e+01 1.402496099843991928e+01 2.000000000000000000e+01 1.176178660049627922e+01 1.105026256564141995e+01 9.861644888547250076e+00
0.000000000000000000e+00 2.000000000000000000e+01 1.288163265306123861e+01 2.000000000000000000e+01 2.000000000000000000e+01 2.000000000000000000e+01 1.490638297872340345e+01 1.400667160859895688e+01 1.445418326693226696e+01 2.000000000000000000e+01 1.263681592039800705e+01 2.000000000000000000e+01 1.097083926031294787e+01 1.024303073624018445e+01
0.000000000000000000e+00 2.000000000000000000e+01 2.000000000000000000e+01 1.211857379767827325e+01 1.251379038613080397e+01 2.000000000000000000e+01 1.371362940275652775e+01 2.000000000000000000e+01 2.000000000000000000e+01 1.348039215686275760e+01 2.000000000000000000e+01 1.127578304048891411e+01 1.046148738379812748e+01 9.588671611598103439e+00
0.000000000000000000e+00 2.000000000000000000e+01 2.000000000000000000e+01 2.000000000000000000e+01 2.000000000000000000e+01 1.001977848101267199e+01 2.000000000000000000e+01 1.314177563661390558e+01 2.000000000000000000e+01 1.286916602907423268e+01 1.062638172439203998e+01 1.069784706755752346e+01 2.000000000000000000e+01 2.000000000000000000e+01
0.000000000000000000e+00 2.000000000000000000e+01 1.039562923888469470e+01 1.031496062992127882e+01 2.000000000000000000e+01 8.975609756097565395e+00 2.000000000000000000e+01 2.000000000000000000e+01 2.000000000000000000e+01 2.000000000000000000e+01 2.000000000000000000e+01 1.009948652118097989e+01 2.000000000000000000e+01 9.193450576106732441e+00
0.000000000000000000e+00 8.873295910184445745e+00 9.558071585098597112e+00 2.000000000000000000e+01 2.000000000000000000e+01 2.000000000000000000e+01 2.000000000000000000e+01 1.137188971082717792e+01 2.000000000000000000e+01 2.000000000000000000e+01 9.320352681851588272e+00 9.245810055865907984e+00 8.324022346368710856e+00 8.549661399548531548e+00
0.000000000000000000e+00 1.039493293591654322e+01 2.000000000000000000e+01 9.946120689655185032e+00 9.850069735006982796e+00 8.610561056105609623e+00 1.700000000000000000e+01 2.000000000000000000e+01 2.000000000000000000e+01 2.000000000000000000e+01 1.017892644135189606e+01 2.000000000000000000e+01 2.000000000000000000e+01 2.000000000000000000e+01
0.000000000000000000e+00 2.000000000000000000e+01 2.000000000000000000e+01 2.000000000000000000e+01 1.010767160161506162e+01 9.280096793708414893e+00 2.000000000000000000e+01 2.000000000000000000e+01 1.153705062362435285e+01 2.000000000000000000e+01 1.044609665427509348e+01 1.009866511897855901e+01 2.000000000000000000e+01 9.145161290322588954e+00
0.000000000000000000e+00 2.000000000000000000e+01 2.000000000000000000e+01 2.000000000000000000e+01 2.000000000000000000e+01 9.434075857916946362e+00 2.000000000000000000e+01 1.180555555555559089e+01 1.129172229639518754e+01 2.000000000000000000e+01 2.000000000000000000e+01 2.000000000000000000e+01 8.834003446295225714e+00 2.000000000000000000e+01
0.000000000000000000e+00 2.000000000000000000e+01 2.000000000000000000e+01 2.000000000000000000e+01 2.000000000000000000e+01 1.004255319148935222e+01 2.000000000000000000e+01 1.145682451253480139e+01 2.000000000000000000e+01 2.000000000000000000e+01 2.000000000000000000e+01 2.000000000000000000e+01 9.639072847682122358e+00 9.515895953757238956e+00
0.000000000000000000e+00 2.000000000000000000e+01 2.000000000000000000e+01 2.000000000000000000e+01 2.000000000000000000e+01 1.068753080335139671e+01 2.000000000000000000e+01 1.239946380697049300e+01 2.000000000000000000e+01 1.178059895833331083e+01 2.000000000000000000e+01 1.064387917329094257e+01 2.000000000000000000e+01 9.550913838120107968e+00
0.000000000000000000e+00 2.000000000000000000e+01 2.000000000000000000e+01 2.000000000000000000e+01 1.147208121827411809e+01 1.151400862068964237e+01 1.275956284153005704e+01 2.000000000000000000e+01 1.143990929705215009e+01 2.000000000000000000e+01 2.000000000000000000e+01 1.118677042801557242e+01 2.000000000000000000e+01 2.000000000000000000e+01
0.000000000000000000e+00 1.097597597597597208e+01 1.056603773584905603e+01 1.041176470588236391e+01 1.347826086956521685e+01 1.341059602649006344e+01 2.000000000000000000e+01 1.274171270718232840e+01 2.000000000000000000e+01 2.000000000000000000e+01 2.000000000000000000e+01 2.000000000000000000e+01 2.000000000000000000e+01 1.005962521294719991e+01
0.000000000000000000e+00 2.000000000000000000e+01 1.350000000000000000e+01 1.135693215339233220e+01 1.124352331606218414e+01 1.500000000000000000e+01 2.000000000000000000e+01 2.000000000000000000e+01 2.000000000000000000e+01 2.000000000000000000e+01 2.000000000000000000e+01 2.000000000000000000e+01 1.053491827637444089e+01 1.049119555143652960e+01
0.000000000000000000e+00 2.000000000000000000e+01 2.000000000000000000e+01 2.000000000000000000e+01 2.000000000000000000e+01 2.000000000000000000e+01 1.250000000000000000e+01 2.000000000000000000e+01 2.000000000000000000e+01 1.220059880239521632e+01 2.000000000000000000e+01 2.000000000000000000e+01 2.000000000000000000e+01 2.000000000000000000e+01
0.000000000000000000e+00 2.000000000000000000e+01 2.000000000000000000e+01 1.500000000000000000e+01 2.000000000000000000e+01 1.000000000000000000e+01 2.000000000000000000e+01 1.333333333333333393e+01 2.000000000000000000e+01 2.000000000000000000e+01 8.750000000000000000e+00 1.184276729559748631e+01 2.000000000000000000e+01 1.000000000000000000e+01
0.000000000000000000e+00 1.000000000000000000e+01 1.000000000000000000e+01 2.000000000000000000e+01 6.666666666666666963e+00 7.500000000000000000e+00 2.000000000000000000e+01 1.471469329529243453e+01 2.000000000000000000e+01 6.250000000000000000e+00 2.000000000000000000e+01 8.333333333333332149e+00 2.000000000000000000e+01 1.168290043290043378e+01
0.000000000000000000e+00 2.000000000000000000e+01 2.000000000000000000e+01 5.000000000000000000e+00 2.000000000000000000e+01 2.000000000000000000e+01 2.000000000000000000e+01 2.000000000000000000e+01 2.000000000000000000e+01 1.000000000000000000e+01 2.000000000000000000e+01 8.333333333333332149e+00 2.000000000000000000e+01 2.000000000000000000e+01
0.000000000000000000e+00 5.000000000000000000e+00 2.000000000000000000e+01 5.000000000000000000e+00 5.000000000000000000e+00 2.000000000000000000e+01 0.000000000000000000e+00 5.000000000000000000e+00 2.000000000000000000e+01 2.000000000000000000e+01 2.000000000000000000e+01 2.000000000000000000e+01 2.000000000000000000e+01 5.000000000000000000e+00
