0.000000000000000000e+00 0.000000000000000000e+00 0.000000000000000000e+00 0.000000000000000000e+00 0.000000000000000000e+00 0.000000000000000000e+00 0.000000000000000000e+00 0.000000000000000000e+00 0.000000000000000000e+00 0.000000000000000000e+00 0.000000000000000000e+00 0.000000000000000000e+00 0.000000000000000000e+00 0.000000000000000000e+00
0.000000000000000000e+00 6.666666666666666075e+00 6.250000000000000000e+00 1.500000000000000000e+01 6.250000000000000000e+00 2.000000000000000000e+01 2.000000000000000000e+01 1.200000000000000000e+01 2.000000000000000000e+01 1.181818181818181834e+01 2.000000000000000000e+01 1.850000000000000000e+01 2.000000000000000000e+01 6.666666666666666075e+00
0.000000000000000000e+00 2.000000000000000000e+01 1.300000000000000000e+01 2.000000000000000000e+01 1.125000000000000000e+01 2.000000000000000000e+01 1.700000000000000000e+01 2.000000000000000000e+01 2.000000000000000000e+01 1.000000000000000000e+01 2.000000000000000000e+01 1.416666666666666607e+01 2.000000000000000000e+01 1.500000000000000000e+01
0.000000000000000000e+00 1.111111111111111072e+01 6.666666666666666075e+00 1.428571428571428648e+01 1.300000000000000000e+01 1.750000000000000000e+01 1.416666666666666607e+01 2.000000000000000000e+01 2.000000000000000000e+01 2.000000000000000000e+01 2.000000000000000000e+01 1.000000000000000000e+01 2.500000000000000000e+00 2.000000000000000000e+01
0.000000000000000000e+00 1.000000000000000000e+01 7.000000000000000000e+00 1.000000000000000000e+01 1.000000000000000000e+01 2.000000000000000000e+01 1.500000000000000000e+01 1.500000000000000000e+01 2.000000000000000000e+01 2.000000000000000000e+01 8.333333333333333925e+00 2.000000000000000000e+01 1.000000000000000000e+01 1.062500000000000000e+01
0.000000000000000000e+00 2.000000000000000000e+01 6.666666666666666075e+00 1.500000000000000000e+01 2.000000000000000000e+01 1.000000000000000000e+01 1.300000000000000000e+01 1.600000000000000000e+01 1.000000000000000000e+01 1.714285714285714235e+01 1.200000000000000000e+01 8.750000000000000000e+00 6.666666666666666963e+00 4.166666666666666075e+00
0.000000000000000000e+00 2.000000000000000000e+01 1.500000000000000000e+01 1.050000000000000178e+01 6.250000000000000000e+00 1.000000000000000000e+01 2.000000000000000000e+01 2.000000000000000000e+01 2.000000000000000000e+01 1.312500000000000178e+01 6.250000000000000000e+00 1.222222222222222143e+01 1.500000000000000000e+01 1.000000000000000000e+01
0.000000000000000000e+00 1.000000000000000000e+01 9.642857142857144126e+00 1.600000000000000000e+01 1.125000000000000000e+01 8.000000000000000000e+00 1.416666666666666785e+01 1.142857142857142883e+01 1.200000000000000000e+01 1.777777777777777857e+01 1.312500000000000178e+01 2.000000000000000000e+01 9.000000000000000000e+00 1.333333333333333215e+01
0.000000000000000000e+00 8.000000000000000000e+00 7.272727272727272485e+00 1.142857142857142883e+01 1.000000000000000000e+01 6.666666666666666075e+00 6.250000000000000000e+00 2.000000000000000000e+01 1.625000000000000000e+01 2.000000000000000000e+01 2.000000000000000000e+01 2.000000000000000000e+01 1.500000000000000000e+01 1.125000000000000000e+01
0.000000000000000000e+00 2.000000000000000000e+01 8.181818181818181657e+00 2.000000000000000000e+01 1.055555555555555536e+01 1.428571428571428648e+01 7.857142857142856762e+00 2.000000000000000000e+01 2.000000000000000000e+01 1.000000000000000000e+01 2.000000000000000000e+01 5.769230769230769162e+00 1.000000000000000000e+01 7.499999999999999112e+00
0.000000000000000000e+00 1.333333333333333215e+01 7.142857142857143238e+00 1.230769230769230660e+01 1.062500000000000000e+01 1.166666666666666607e+01 1.250000000000000178e+01 1.312500000000000178e+01 1.541666666666666607e+01 2.000000000000000000e+01 2.000000000000000000e+01 1.125000000000000000e+01 2.000000000000000000e+01 1.200000000000000000e+01
0.000000000000000000e+00 1.500000000000000000e+01 1.230769230769230660e+01 9.285714285714286476e+00 7.692307692307692513e+00 1.500000000000000000e+01 1.333333333333333215e+01 1.291666666666666607e+01 5.625000000000000000e+00 2.000000000000000000e+01 6.666666666666666075e+00 1.666666666666666785e+01 1.000000000000000000e+01 2.000000000000000000e+01
0.000000000000000000e+00 8.125000000000000000e+00 4.999999999999999112e+00 1.214285714285714235e+01 1.050000000000000000e+01 1.000000000000000000e+01 1.625000000000000000e+01 1.166666666666666607e+01 1.166666666666666607e+01 2.000000000000000000e+01 1.214285714285714235e+01 2.000000000000000000e+01 7.000000000000000000e+00 1.200000000000000000e+01
0.000000000000000000e+00 1.100000000000000000e+01 1.318181818181818166e+01 8.571428571428571175e+00 1.400000000000000000e+01 2.000000000000000000e+01 1.000000000000000000e+01 2.000000000000000000e+01 1.333333333333333393e+01 1.375000000000000000e+01 1.125000000000000000e+01 1.250000000000000000e+01 5.999999999999999112e+00 1.400000000000000000e+01
0.000000000000000000e+00 1.500000000000000000e+01 1.388888888888888928e+01 2.000000000000000000e+01 1.300000000000000000e+01 2.000000000000000000e+01 2.000000000000000000e+01 2.000000000000000000e+01 2.000000000000000000e+01 1.250000000000000000e+01 6.250000000000000000e+00 9.545454545454544970e+00 9.000000000000000000e+00 3.333333333333333037e+00
0.000000000000000000e+00 6.666666666666666075e+00 1.000000000000000000e+01 1.214285714285714413e+01 1.000000000000000000e+01 0.000000000000000000e+00 1.000000000000000000e+01 2.500000000000000000e+00 2.000000000000000000e+01 0.000000000000000000e+00 1.250000000000000000e+01 5.833333333333332149e+00 1.000000000000000000e+01 0.000000000000000000e+00
0.000000000000000000e+00 5.000000000000000000e+00 1.250000000000000000e+01 1.666666666666666785e+01 6.666666666666666963e+00 1.000000000000000000e+01 1.000000000000000000e+01 0.000000000000000000e+00 1.125000000000000000e+01 2.000000000000000000e+01 2.000000000000000000e+01 5.000000000000000000e+00 1.071428571428571352e+01 2.000000000000000000e+01
0.000000000000000000e+00 1.000000000000000000e+01 1.000000000000000000e+01 2.000000000000000000e+01 2.000000000000000000e+01 2.000000000000000000e+01 2.000000000000000000e+01 1.000000000000000000e+01 1.500000000000000000e+01 1.625000000000000000e+01 1.300000000000000000e+01 5.000000000000000000e+00 1.000000000000000000e+01 1.000000000000000000e+01
0.000000000000000000e+00 0.000000000000000000e+00 1.000000000000000000e+01 2.000000000000000000e+01 1.000000000000000000e+01 2.000000000000000000e+01 2.000000000000000000e+01 2.000000000000000000e+01 0.000000000000000000e+00 1.250000000000000000e+01 1.500000000000000000e+01 1.400000000000000000e+01 0.000000000000000000e+00 2.000000000000000000e+01
0.000000000000000000e+00 2.000000000000000000e+01 1.100000000000000000e+01 2.000000000000000000e+01 1.000000000000000000e+01 5.000000000000000000e+00 2.000000000000000000e+01 2.000000000000000000e+01 5.000000000000000000e+00 2.000000000000000000e+01 1.000000000000000000e+01 2.000000000000000000e+01 2.500000000000000000e+00 0.000000000000000000e+00
0.000000000000000000e+00 2.000000000000000000e+01 5.000000000000000000e+00 2.000000000000000000e+01 0.000000000000000000e+00 2.000000000000000000e+01 5.000000000000000000e+00 2.000000000000000000e+01 2.000000000000000000e+01 2.000000000000000000e+01 2.000000000000000000e+01 0.000000000000000000e+00 2.500000000000000000e+00 1.000000000000000000e+01
0.000000000000000000e+00 0.000000000000000000e+00 0.000000000000000000e+00 0.000000000000000000e+00 1.250000000000000000e+01 0.000000000000000000e+00 0.000000000000000000e+00 0.000000000000000000e+00 0.000000000000000000e+00 2.000000000000000000e+01 0.000000000000000000e+00 0.000000000000000000e+00 0.000000000000000000e+00 0.000000000000000000e+00
