0.000000000000000000e+00 0.000000000000000000e+00 0.000000000000000000e+00 0.000000000000000000e+00 0.000000000000000000e+00 0.000000000000000000e+00 0.000000000000000000e+00 0.000000000000000000e+00 0.000000000000000000e+00 0.000000000000000000e+00 0.000000000000000000e+00 0.000000000000000000e+00 0.000000000000000000e+00 0.000000000000000000e+00
0.000000000000000000e+00 1.000000000000000000e+00 1.000000000000000000e+00 1.000000000000000000e+00 1.000000000000000000e+00 1.000000000000000000e+00 1.000000000000000000e+00 5.950000000000000000e+02 6.040000000000000000e+02 1.000000000000000000e+00 1.000000000000000000e+00 1.000000000000000000e+00 1.000000000000000000e+00 1.000000000000000000e+00
0.000000000000000000e+00 5.980000000000000000e+02 1.000000000000000000e+00 1.000000000000000000e+00 5.800000000000000000e+02 1.000000000000000000e+00 1.000000000000000000e+00 1.000000000000000000e+00 1.000000000000000000e+00 1.000000000000000000e+00 1.000000000000000000e+00 1.000000000000000000e+00 6.060000000000000000e+02 6.580000000000000000e+02
0.000000000000000000e+00 1.000000000000000000e+00 1.000000000000000000e+00 1.000000000000000000e+00 1.000000000000000000e+00 6.420000000000000000e+02 1.000000000000000000e+00 1.000000000000000000e+00 1.000000000000000000e+00 6.260000000000000000e+02 1.000000000000000000e+00 5.920000000000000000e+02 6.520000000000000000e+02 6.440000000000000000e+02
0.000000000000000000e+00 1.000000000000000000e+00 6.030000000000000000e+02 1.000000000000000000e+00 1.000000000000000000e+00 1.000000000000000000e+00 6.260000000000000000e+02 6.790000000000000000e+02 6.180000000000000000e+02 1.000000000000000000e+00 5.730000000000000000e+02 1.000000000000000000e+00 6.870000000000000000e+02 6.850000000000000000e+02
0.000000000000000000e+00 1.000000000000000000e+00 1.000000000000000000e+00 5.980000000000000000e+02 6.250000000000000000e+02 1.000000000000000000e+00 6.510000000000000000e+02 1.000000000000000000e+00 1.000000000000000000e+00 6.600000000000000000e+02 1.000000000000000000e+00 6.680000000000000000e+02 7.440000000000000000e+02 7.150000000000000000e+02
0.000000000000000000e+00 1.000000000000000000e+00 1.000000000000000000e+00 1.000000000000000000e+00 1.000000000000000000e+00 6.070000000000000000e+02 1.000000000000000000e+00 7.140000000000000000e+02 1.000000000000000000e+00 6.420000000000000000e+02 6.570000000000000000e+02 6.350000000000000000e+02 1.000000000000000000e+00 1.000000000000000000e+00
0.000000000000000000e+00 1.000000000000000000e+00 6.560000000000000000e+02 6.350000000000000000e+02 1.000000000000000000e+00 7.330000000000000000e+02 1.000000000000000000e+00 1.000000000000000000e+00 1.000000000000000000e+00 1.000000000000000000e+00 1.000000000000000000e+00 7.860000000000000000e+02 1.000000000000000000e+00 8.270000000000000000e+02
0.000000000000000000e+00 5.970000000000000000e+02 6.580000000000000000e+02 1.000000000000000000e+00 1.000000000000000000e+00 1.000000000000000000e+00 1.000000000000000000e+00 7.150000000000000000e+02 1.000000000000000000e+00 1.000000000000000000e+00 6.900000000000000000e+02 8.050000000000000000e+02 7.790000000000000000e+02 9.090000000000000000e+02
0.000000000000000000e+00 6.890000000000000000e+02 1.000000000000000000e+00 6.770000000000000000e+02 7.250000000000000000e+02 7.200000000000000000e+02 5.000000000000000000e+00 1.000000000000000000e+00 1.000000000000000000e+00 1.000000000000000000e+00 7.520000000000000000e+02 1.000000000000000000e+00 1.000000000000000000e+00 1.000000000000000000e+00
0.000000000000000000e+00 1.000000000000000000e+00 1.000000000000000000e+00 1.000000000000000000e+00 7.510000000000000000e+02 8.070000000000000000e+02 1.000000000000000000e+00 1.000000000000000000e+00 6.990000000000000000e+02 1.000000000000000000e+00 7.050000000000000000e+02 8.630000000000000000e+02 1.000000000000000000e+00 9.450000000000000000e+02
0.000000000000000000e+00 1.000000000000000000e+00 1.000000000000000000e+00 1.000000000000000000e+00 1.000000000000000000e+00 8.810000000000000000e+02 1.000000000000000000e+00 8.050000000000000000e+02 7.180000000000000000e+02 1.000000000000000000e+00 1.000000000000000000e+00 1.000000000000000000e+00 8.780000000000000000e+02 1.000000000000000000e+00
0.000000000000000000e+00 1.000000000000000000e+00 1.000000000000000000e+00 1.000000000000000000e+00 1.000000000000000000e+00 9.350000000000000000e+02 1.000000000000000000e+00 9.070000000000000000e+02 1.000000000000000000e+00 1.000000000000000000e+00 1.000000000000000000e+00 1.000000000000000000e+00 7.570000000000000000e+02 1.030000000000000000e+03
0.000000000000000000e+00 1.000000000000000000e+00 1.000000000000000000e+00 1.000000000000000000e+00 1.000000000000000000e+00 9.850000000000000000e+02 1.000000000000000000e+00 9.650000000000000000e+02 1.000000000000000000e+00 7.570000000000000000e+02 1.000000000000000000e+00 9.480000000000000000e+02 1.000000000000000000e+00 9.340000000000000000e+02
0.000000000000000000e+00 1.000000000000000000e+00 1.000000000000000000e+00 1.000000000000000000e+00 1.990000000000000000e+02 4.690000000000000000e+02 9.100000000000000000e+01 1.000000000000000000e+00 2.300000000000000000e+02 1.000000000000000000e+00 1.000000000000000000e+00 3.990000000000000000e+02 1.000000000000000000e+00 1.000000000000000000e+00
0.000000000000000000e+00 1.630000000000000000e+02 1.320000000000000000e+02 1.020000000000000000e+02 2.300000000000000000e+01 2.600000000000000000e+01 1.000000000000000000e+00 3.890000000000000000e+02 1.000000000000000000e+00 1.000000000000000000e+00 1.000000000000000000e+00 1.000000000000000000e+00 1.000000000000000000e+00 5.730000000000000000e+02
0.000000000000000000e+00 1.000000000000000000e+00 1.000000000000000000e+01 1.620000000000000000e+02 2.010000000000000000e+02 4.000000000000000000e+00 1.000000000000000000e+00 1.000000000000000000e+00 1.000000000000000000e+00 1.000000000000000000e+00 1.000000000000000000e+00 1.000000000000000000e+00 3.400000000000000000e+02 5.450000000000000000e+02
0.000000000000000000e+00 1.000000000000000000e+00 1.000000000000000000e+00 1.000000000000000000e+00 1.000000000000000000e+00 1.000000000000000000e+00 2.000000000000000000e+00 1.000000000000000000e+00 1.000000000000000000e+00 1.770000000000000000e+02 1.000000000000000000e+00 1.000000000000000000e+00 1.000000000000000000e+00 1.000000000000000000e+00
0.000000000000000000e+00 1.000000000000000000e+00 1.000000000000000000e+00 1.700000000000000000e+01 1.000000000000000000e+00 4.000000000000000000e+00 1.000000000000000000e+00 3.000000000000000000e+00 1.000000000000000000e+00 1.000000000000000000e+00 4.000000000000000000e+00 3.960000000000000000e+02 1.000000000000000000e+00 2.000000000000000000e+00
0.000000000000000000e+00 2.000000000000000000e+00 2.000000000000000000e+00 1.000000000000000000e+00 3.000000000000000000e+00 4.000000000000000000e+00 1.000000000000000000e+00 3.660000000000000000e+02 1.000000000000000000e+00 4.000000000000000000e+00 1.000000000000000000e+00 3.000000000000000000e+00 1.000000000000000000e+00 4.730000000000000000e+02
0.000000000000000000e+00 1.000000000000000000e+00 1.000000000000000000e+00 1.000000000000000000e+00 1.000000000000000000e+00 1.000000000000000000e+00 1.000000000000000000e+00 1.000000000000000000e+00 1.000000000000000000e+00 2.000000000000000000e+00 1.000000000000000000e+00 3.000000000000000000e+00 1.000000000000000000e+00 1.000000000000000000e+00
0.000000000000000000e+00 1.000000000000000000e+00 1.000000000000000000e+00 1.000000000000000000e+00 1.000000000000000000e+00 1.000000000000000000e+00 0.000000000000000000e+00 1.000000000000000000e+00 1.000000000000000000e+00 1.000000000000000000e+00 1.000000000000000000e+00 1.000000000000000000e+00 1.000000000000000000e+00 1.000000000000000000e+00
