0.000000000000000000e+00 0.000000000000000000e+00 0.000000000000000000e+00 0.000000000000000000e+00 0.000000000000000000e+00 0.000000000000000000e+00 0.000000000000000000e+00 0.000000000000000000e+00 0.000000000000000000e+00 0.000000000000000000e+00 0.000000000000000000e+00 0.000000000000000000e+00 0.000000000000000000e+00 0.000000000000000000e+00
0.000000000000000000e+00 6.300000000000000000e+01 1.000000000000000000e+02 7.000000000000000000e+01 1.130000000000000000e+02 1.020000000000000000e+02 1.060000000000000000e+02 5.900000000000000000e+01 1.160000000000000000e+02 8.600000000000000000e+01 7.700000000000000000e+01 1.340000000000000000e+02 1.080000000000000000e+02 3.630000000000000000e+02
0.000000000000000000e+00 2.340000000000000000e+02 6.500000000000000000e+01 1.080000000000000000e+02 2.530000000000000000e+02 9.700000000000000000e+01 7.700000000000000000e+01 1.990000000000000000e+02 1.010000000000000000e+02 1.860000000000000000e+02 1.000000000000000000e+02 8.000000000000000000e+01 1.150000000000000000e+02 1.100000000000000000e+02
0.000000000000000000e+00 9.800000000000000000e+01 8.700000000000000000e+01 8.100000000000000000e+01 9.900000000000000000e+01 9.600000000000000000e+01 2.650000000000000000e+02 2.130000000000000000e+02 1.420000000000000000e+02 1.760000000000000000e+02 1.180000000000000000e+02 1.210000000000000000e+02 1.160000000000000000e+02 8.200000000000000000e+01
0.000000000000000000e+00 9.600000000000000000e+01 1.380000000000000000e+02 1.440000000000000000e+02 7.200000000000000000e+01 1.260000000000000000e+02 9.500000000000000000e+01 7.200000000000000000e+01 1.400000000000000000e+02 2.270000000000000000e+02 9.300000000000000000e+01 1.180000000000000000e+02 1.030000000000000000e+02 1.190000000000000000e+02
0.000000000000000000e+00 1.610000000000000000e+02 1.410000000000000000e+02 1.330000000000000000e+02 1.270000000000000000e+02 8.900000000000000000e+01 1.160000000000000000e+02 1.300000000000000000e+02 2.340000000000000000e+02 1.050000000000000000e+02 1.040000000000000000e+02 1.080000000000000000e+02 9.500000000000000000e+01 9.500000000000000000e+01
0.000000000000000000e+00 2.250000000000000000e+02 1.030000000000000000e+02 1.040000000000000000e+02 1.070000000000000000e+02 1.330000000000000000e+02 1.380000000000000000e+02 1.050000000000000000e+02 1.280000000000000000e+02 1.370000000000000000e+02 1.450000000000000000e+02 1.120000000000000000e+02 1.040000000000000000e+02 1.110000000000000000e+02
0.000000000000000000e+00 1.180000000000000000e+02 9.100000000000000000e+01 1.510000000000000000e+02 1.510000000000000000e+02 1.060000000000000000e+02 1.100000000000000000e+02 8.300000000000000000e+01 1.420000000000000000e+02 1.070000000000000000e+02 1.250000000000000000e+02 1.410000000000000000e+02 1.320000000000000000e+02 1.030000000000000000e+02
0.000000000000000000e+00 1.530000000000000000e+02 1.160000000000000000e+02 1.490000000000000000e+02 1.120000000000000000e+02 1.300000000000000000e+02 1.460000000000000000e+02 1.500000000000000000e+02 1.030000000000000000e+02 1.610000000000000000e+02 1.700000000000000000e+02 1.340000000000000000e+02 1.050000000000000000e+02 1.170000000000000000e+02
0.000000000000000000e+00 2.940000000000000000e+02 1.580000000000000000e+02 1.390000000000000000e+02 1.570000000000000000e+02 1.270000000000000000e+02 1.090000000000000000e+02 1.950000000000000000e+02 1.460000000000000000e+02 1.250000000000000000e+02 1.400000000000000000e+02 1.280000000000000000e+02 1.220000000000000000e+02 1.750000000000000000e+02
0.000000000000000000e+00 1.700000000000000000e+02 1.400000000000000000e+02 1.450000000000000000e+02 1.220000000000000000e+02 1.200000000000000000e+02 1.210000000000000000e+02 1.230000000000000000e+02 1.610000000000000000e+02 1.540000000000000000e+02 1.210000000000000000e+02 1.330000000000000000e+02 1.550000000000000000e+02 1.520000000000000000e+02
0.000000000000000000e+00 3.540000000000000000e+02 1.490000000000000000e+02 1.580000000000000000e+02 1.610000000000000000e+02 2.080000000000000000e+02 1.690000000000000000e+02 1.530000000000000000e+02 1.500000000000000000e+02 1.760000000000000000e+02 1.460000000000000000e+02 1.370000000000000000e+02 1.430000000000000000e+02 2.400000000000000000e+02
0.000000000000000000e+00 1.670000000000000000e+02 1.670000000000000000e+02 1.670000000000000000e+02 1.760000000000000000e+02 1.740000000000000000e+02 4.170000000000000000e+02 1.340000000000000000e+02 2.070000000000000000e+02 1.650000000000000000e+02 1.530000000000000000e+02 2.010000000000000000e+02 1.380000000000000000e+02 1.900000000000000000e+02
0.000000000000000000e+00 1.780000000000000000e+02 1.690000000000000000e+02 2.280000000000000000e+02 1.760000000000000000e+02 2.120000000000000000e+02 1.870000000000000000e+02 1.920000000000000000e+02 3.160000000000000000e+02 3.860000000000000000e+02 1.930000000000000000e+02 1.770000000000000000e+02 1.680000000000000000e+02 2.610000000000000000e+02
0.000000000000000000e+00 1.140000000000000000e+02 1.370000000000000000e+02 1.760000000000000000e+02 9.200000000000000000e+01 2.340000000000000000e+02 1.550000000000000000e+02 3.800000000000000000e+02 2.270000000000000000e+02 1.280000000000000000e+02 9.900000000000000000e+01 1.330000000000000000e+02 9.500000000000000000e+01 9.700000000000000000e+01
0.000000000000000000e+00 1.804000000000000000e+03 1.180000000000000000e+02 1.230000000000000000e+02 1.420000000000000000e+02 1.190000000000000000e+02 1.490000000000000000e+02 1.100000000000000000e+02 1.210000000000000000e+02 4.370000000000000000e+02 1.420000000000000000e+02 1.680000000000000000e+02 1.360000000000000000e+02 9.800000000000000000e+01
0.000000000000000000e+00 1.677000000000000000e+03 1.538000000000000000e+03 1.158000000000000000e+03 1.405000000000000000e+03 9.480000000000000000e+02 6.940000000000000000e+02 1.201000000000000000e+03 1.051000000000000000e+03 1.142000000000000000e+03 1.130000000000000000e+03 9.790000000000000000e+02 9.710000000000000000e+02 8.600000000000000000e+02
0.000000000000000000e+00 1.589000000000000000e+03 1.554000000000000000e+03 1.417000000000000000e+03 1.419000000000000000e+03 1.279000000000000000e+03 1.225000000000000000e+03 1.142000000000000000e+03 1.115000000000000000e+03 1.044000000000000000e+03 1.072000000000000000e+03 9.810000000000000000e+02 9.750000000000000000e+02 8.780000000000000000e+02
0.000000000000000000e+00 1.472000000000000000e+03 1.507000000000000000e+03 1.372000000000000000e+03 1.328000000000000000e+03 1.189000000000000000e+03 1.194000000000000000e+03 1.091000000000000000e+03 1.024000000000000000e+03 9.030000000000000000e+02 9.950000000000000000e+02 8.820000000000000000e+02 9.200000000000000000e+02 8.480000000000000000e+02
0.000000000000000000e+00 1.291000000000000000e+03 1.498000000000000000e+03 1.241000000000000000e+03 1.294000000000000000e+03 1.172000000000000000e+03 1.136000000000000000e+03 1.071000000000000000e+03 9.870000000000000000e+02 9.170000000000000000e+02 9.400000000000000000e+02 9.000000000000000000e+02 8.510000000000000000e+02 7.870000000000000000e+02
0.000000000000000000e+00 1.296000000000000000e+03 1.208000000000000000e+03 1.217000000000000000e+03 1.115000000000000000e+03 1.057000000000000000e+03 9.880000000000000000e+02 9.470000000000000000e+02 8.790000000000000000e+02 8.300000000000000000e+02 8.180000000000000000e+02 7.940000000000000000e+02 7.170000000000000000e+02 7.570000000000000000e+02
0.000000000000000000e+00 1.213000000000000000e+03 1.177000000000000000e+03 1.147000000000000000e+03 1.023000000000000000e+03 1.077000000000000000e+03 9.510000000000000000e+02 7.970000000000000000e+02 8.310000000000000000e+02 7.470000000000000000e+02 7.540000000000000000e+02 7.510000000000000000e+02 7.440000000000000000e+02 6.640000000000000000e+02
