0.000000000000000000e+00 0.000000000000000000e+00 0.000000000000000000e+00 0.000000000000000000e+00 0.000000000000000000e+00 0.000000000000000000e+00 0.000000000000000000e+00 0.000000000000000000e+00 0.000000000000000000e+00 0.000000000000000000e+00 0.000000000000000000e+00 0.000000000000000000e+00 0.000000000000000000e+00 0.000000000000000000e+00
0.000000000000000000e+00 0.000000000000000000e+00 2.650615252094241896e+02 2.540907644106645762e+02 2.466370038171778276e+02 2.346407647667107597e+02 2.325715282795185601e+02 2.209057060585885210e+02 2.132401561845324807e+02 2.063874701932959681e+02 1.972678254205824260e+02 1.835926594232960838e+02 1.750709936786035712e+02 1.626133446907638529e+02
0.000000000000000000e+00 0.000000000000000000e+00 1.984974309123732539e+01 0.000000000000000000e+00 1.500000000000000000e+01 1.493333333333333357e+01 1.562220167226878687e+01 1.200000000000000000e+01 1.100000000000000000e+01 1.174878556557945863e+01 9.000000000000000000e+00 9.697877652933833303e+00 7.000000000000000000e+00 0.000000000000000000e+00
0.000000000000000000e+00 0.000000000000000000e+00 0.000000000000000000e+00 7.444408706327246250e+01 7.074346456684962448e+01 6.935055642500077511e+01 6.506602555927265996e+01 6.234437558829860393e+01 5.948348458163691532e+01 5.906946845755510367e+01 4.958667292438454410e+01 4.913025003658838585e+01 4.561078150768885564e+01 4.412504416166404297e+01
0.000000000000000000e+00 0.000000000000000000e+00 0.000000000000000000e+00 1.766471287259973266e+01 1.963088827221383781e+01 1.536599012890302696e+01 1.356721744329635371e+01 1.000000000000000000e+01 1.221362360176851602e+01 8.888888888888889284e+00 1.006193879717809203e+01 6.000000000000000000e+00 6.565040650406503531e+00 6.668923685631934717e+00
0.000000000000000000e+00 0.000000000000000000e+00 0.000000000000000000e+00 0.000000000000000000e+00 1.652502140845258438e+01 2.113353713684250579e+01 1.397276674691853060e+01 1.072568807339449570e+01 8.888888888888889284e+00 7.875000000000000000e+00 9.563134822572910920e+00 5.833333333333333037e+00 7.678879385448690975e+00 6.343877681577247962e+00
0.000000000000000000e+00 0.000000000000000000e+00 0.000000000000000000e+00 0.000000000000000000e+00 2.337306916714761229e+01 2.390769486982742364e+01 2.675616917888251578e+01 1.751840267508251614e+01 1.845218669334014550e+01 1.719055018874838225e+01 1.315787207469170994e+01 1.360963805553242878e+01 1.000775575475120505e+01 8.975738498416335531e+00
0.000000000000000000e+00 0.000000000000000000e+00 0.000000000000000000e+00 0.000000000000000000e+00 1.432233763305243279e+01 9.900000000000000355e+00 1.815093244089690216e+01 1.630858214872621303e+01 9.563134822572910920e+00 5.833333333333333037e+00 6.668923685631934717e+00 5.909705795109472248e+00 5.837263732026261920e+00 2.244827586206896264e+00
0.000000000000000000e+00 0.000000000000000000e+00 0.000000000000000000e+00 0.000000000000000000e+00 1.100000000000000000e+01 1.312333103597790362e+01 1.194712584386231313e+01 1.389344755272600196e+01 1.380579195954828187e+01 5.489655172413792528e+00 5.444168629246916247e+00 6.129778410176213832e+00 3.339439692724345488e+00 0.000000000000000000e+00
0.000000000000000000e+00 0.000000000000000000e+00 0.000000000000000000e+00 0.000000000000000000e+00 0.000000000000000000e+00 9.220890410958904937e+00 1.226791083512721414e+01 7.225975631599411031e+00 1.259329172547374931e+01 1.287457682908602585e+01 4.113658877751301013e+00 1.899999999999999911e+00 0.000000000000000000e+00 2.475927941863922399e+01
0.000000000000000000e+00 0.000000000000000000e+00 0.000000000000000000e+00 0.000000000000000000e+00 0.000000000000000000e+00 1.138794981302683418e+01 1.061382415017822112e+01 1.160769532728002673e+01 6.343877681577247962e+00 1.191510286592736989e+01 1.154872847531199831e+01 0.000000000000000000e+00 2.561334057626931582e+01 2.662780681449899234e+01
0.000000000000000000e+00 0.000000000000000000e+00 0.000000000000000000e+00 0.000000000000000000e+00 0.000000000000000000e+00 6.857142857142856762e+00 8.085639117397326103e+00 5.444168629246916247e+00 1.000858086111367840e+01 2.553010370478947522e+00 1.021415164315171609e+01 2.094134872935196867e+01 2.576859087336843857e+01 2.929331166978975887e+01
0.000000000000000000e+00 0.000000000000000000e+00 0.000000000000000000e+00 0.000000000000000000e+00 0.000000000000000000e+00 6.000000000000000000e+00 9.348554335205859545e+00 9.646103723964857934e+00 7.525678577347102660e+00 9.071713530457003571e+00 1.575374981602137758e+01 3.129447134921164420e+01 2.378316702850509046e+01 3.412301273510826860e+01
0.000000000000000000e+00 0.000000000000000000e+00 0.000000000000000000e+00 0.000000000000000000e+00 0.000000000000000000e+00 0.000000000000000000e+00 4.250000000000000000e+00 6.372878809893522956e+00 3.500000000000000000e+00 2.802073185845301140e+01 1.983129502144562650e+01 2.588449922958397664e+01 3.031652864089920385e+01 2.094335199189488605e+01
0.000000000000000000e+00 0.000000000000000000e+00 0.000000000000000000e+00 0.000000000000000000e+00 0.000000000000000000e+00 0.000000000000000000e+00 7.469684756482315890e+00 3.333333333333333481e+00 2.387485204766037938e+01 5.333333333333333037e+00 1.892154373006634316e+01 2.504000277315585166e+01 3.051320493070221929e+01 1.514473684210526372e+01
0.000000000000000000e+00 0.000000000000000000e+00 0.000000000000000000e+00 0.000000000000000000e+00 0.000000000000000000e+00 0.000000000000000000e+00 0.000000000000000000e+00 9.333333333333332149e+00 2.300000000000000000e+01 8.661764705882353255e+00 2.412486265892324511e+01 2.789276428746627445e+01 1.514473684210526372e+01 2.896551724137930961e+01
0.000000000000000000e+00 0.000000000000000000e+00 0.000000000000000000e+00 0.000000000000000000e+00 0.000000000000000000e+00 0.000000000000000000e+00 4.000000000000000000e+00 9.666666666666667851e+00 3.000000000000000000e+00 2.778520292561793781e+01 2.420791226008617159e+01 1.624193548387096797e+01 2.810706485824260170e+01 3.181215845165333533e+01
0.000000000000000000e+00 0.000000000000000000e+00 0.000000000000000000e+00 0.000000000000000000e+00 0.000000000000000000e+00 0.000000000000000000e+00 0.000000000000000000e+00 9.333333333333332149e+00 1.350829435128573586e+01 1.366349206349206291e+01 2.412500000000000000e+01 2.896551724137930961e+01 3.090315751704341452e+01 1.652582304790149337e+01
0.000000000000000000e+00 0.000000000000000000e+00 0.000000000000000000e+00 0.000000000000000000e+00 0.000000000000000000e+00 0.000000000000000000e+00 2.000000000000000000e+00 0.000000000000000000e+00 1.611140011560179630e+01 2.412500000000000000e+01 1.457407407407407440e+01 3.090315751704341452e+01 3.096774193548387188e+01 2.906896551724138078e+01
0.000000000000000000e+00 0.000000000000000000e+00 0.000000000000000000e+00 0.000000000000000000e+00 0.000000000000000000e+00 0.000000000000000000e+00 0.000000000000000000e+00 2.600000000000000000e+01 2.300000000000000000e+01 2.600000000000000000e+01 2.500000000000000000e+01 3.456940488532032418e+01 2.906896551724138078e+01 3.200000000000000000e+01
0.000000000000000000e+00 0.000000000000000000e+00 0.000000000000000000e+00 0.000000000000000000e+00 0.000000000000000000e+00 0.000000000000000000e+00 0.000000000000000000e+00 2.300000000000000000e+01 2.200000000000000000e+01 2.400000000000000000e+01 3.000000000000000000e+01 3.100000000000000000e+01 3.300003055020263787e+01 3.583309398823230651e+01
0.000000000000000000e+00 0.000000000000000000e+00 0.000000000000000000e+00 0.000000000000000000e+00 0.000000000000000000e+00 0.000000000000000000e+00 0.000000000000000000e+00 0.000000000000000000e+00 0.000000000000000000e+00 0.000000000000000000e+00 0.000000000000000000e+00 0.000000000000000000e+00 0.000000000000000000e+00 0.000000000000000000e+00
